# Interpad C
# 
# Measurement Settings:
# Power Supply voltage limit:      2.10E+01 V
# Power Supply current limit:      1.00E-03 A
# LCR measurement voltage:         5.00E-01 V
# Voltage Delay:                       3.00 s
# 
# 
# 
#  Nominal Voltage [V]	 Measured Voltage [V]	Frequency [Hz]	Cp [F]	Cp_Err [F]	Rp [Ohm]	Rp_Err [Ohm]	Total Current [A]
-1.00000E+01	-9.55030E+00	1.00000E+04	4.42410E-11	8.54948E-15	3.25662E+07	1.25865E+06	-9.19509E-06
-1.00000E+01	-9.55030E+00	1.00000E+05	4.48274E-11	1.41421E-16	4.19327E+06	1.24529E+03	-9.19509E-06
-1.00000E+01	-9.55030E+00	1.00000E+06	4.47358E-11	7.08237E-16	2.27292E+05	9.93640E+01	-9.19509E-06
-2.00000E+01	-2.00001E+01	1.00000E+04	4.43250E-11	6.81334E-15	3.14313E+07	4.17530E+05	-1.40420E-05
-2.00000E+01	-2.00001E+01	1.00000E+05	4.48276E-11	1.16619E-16	4.19239E+06	1.05004E+03	-1.40420E-05
-2.00000E+01	-2.00001E+01	1.00000E+06	4.47359E-11	5.91946E-16	2.27340E+05	1.27905E+02	-1.40420E-05
-3.00000E+01	-2.99192E+01	1.00000E+04	4.42888E-11	1.00167E-14	3.45020E+07	6.93722E+05	-1.75773E-05
-3.00000E+01	-2.99192E+01	1.00000E+05	4.48274E-11	1.62481E-16	4.19225E+06	6.35893E+02	-1.75773E-05
-3.00000E+01	-2.99192E+01	1.00000E+06	4.47357E-11	5.63560E-16	2.27329E+05	7.91672E+01	-1.75773E-05
-4.00000E+01	-3.99240E+01	1.00000E+04	4.42905E-11	5.97441E-15	3.50118E+07	2.42733E+05	-2.07496E-05
-4.00000E+01	-3.99240E+01	1.00000E+05	4.48274E-11	1.16619E-16	4.19253E+06	8.77437E+02	-2.07496E-05
-4.00000E+01	-3.99240E+01	1.00000E+06	4.47359E-11	3.96989E-16	2.27324E+05	1.20641E+02	-2.07496E-05
-5.00000E+01	-4.99312E+01	1.00000E+04	4.42866E-11	1.48450E-14	3.53051E+07	8.16609E+05	-2.36530E-05
-5.00000E+01	-4.99312E+01	1.00000E+05	4.48273E-11	8.00000E-17	4.19170E+06	1.74897E+03	-2.36530E-05
-5.00000E+01	-4.99312E+01	1.00000E+06	4.47359E-11	6.07947E-16	2.27347E+05	8.93770E+01	-2.36530E-05
-6.00000E+01	-5.99109E+01	1.00000E+04	4.42892E-11	1.07912E-14	3.36180E+07	3.11515E+05	-2.63691E-05
-6.00000E+01	-5.99109E+01	1.00000E+05	4.48275E-11	1.62481E-16	4.19393E+06	1.79347E+03	-2.63691E-05
-6.00000E+01	-5.99109E+01	1.00000E+06	4.47358E-11	7.14423E-16	2.27336E+05	1.19066E+02	-2.63691E-05
-7.00000E+01	-6.99165E+01	1.00000E+04	4.43033E-11	1.12509E-14	3.45266E+07	1.19499E+06	-2.89683E-05
-7.00000E+01	-6.99165E+01	1.00000E+05	4.48274E-11	2.41661E-16	4.19397E+06	7.26047E+02	-2.89683E-05
-7.00000E+01	-6.99165E+01	1.00000E+06	4.47359E-11	4.58694E-16	2.27379E+05	8.63745E+01	-2.89683E-05
-8.00000E+01	-7.99258E+01	1.00000E+04	4.42884E-11	6.95511E-15	3.42653E+07	1.38626E+06	-3.14531E-05
-8.00000E+01	-7.99258E+01	1.00000E+05	4.48275E-11	4.89898E-17	4.19361E+06	8.42696E+02	-3.14531E-05
-8.00000E+01	-7.99258E+01	1.00000E+06	4.47359E-11	5.83095E-16	2.27454E+05	1.30367E+02	-3.14531E-05
-9.00000E+01	-8.99149E+01	1.00000E+04	4.42979E-11	1.35901E-14	3.38214E+07	6.98171E+05	-3.38708E-05
-9.00000E+01	-8.99149E+01	1.00000E+05	4.48276E-11	1.85472E-16	4.19344E+06	1.32645E+03	-3.38708E-05
-9.00000E+01	-8.99149E+01	1.00000E+06	4.47358E-11	8.14862E-16	2.27365E+05	1.32149E+02	-3.38708E-05
-1.00000E+02	-9.99250E+01	1.00000E+04	4.42947E-11	1.00011E-14	3.55242E+07	1.19687E+06	-3.62376E-05
-1.00000E+02	-9.99250E+01	1.00000E+05	4.48273E-11	8.94427E-17	4.19266E+06	1.24180E+03	-3.62376E-05
-1.00000E+02	-9.99250E+01	1.00000E+06	4.47359E-11	5.31413E-16	2.27372E+05	7.86649E+01	-3.62376E-05
-1.10000E+02	-1.09933E+02	1.00000E+04	4.42967E-11	1.68716E-14	3.45236E+07	1.20545E+06	-3.85782E-05
-1.10000E+02	-1.09933E+02	1.00000E+05	4.48275E-11	1.01980E-16	4.19303E+06	6.49141E+02	-3.85782E-05
-1.10000E+02	-1.09933E+02	1.00000E+06	4.47358E-11	5.27636E-16	2.27379E+05	1.49604E+02	-3.85782E-05
-1.20000E+02	-1.19919E+02	1.00000E+04	4.42856E-11	1.10245E-14	3.41383E+07	3.02100E+05	-4.08653E-05
-1.20000E+02	-1.19919E+02	1.00000E+05	4.48275E-11	7.48331E-17	4.19304E+06	4.96411E+02	-4.08653E-05
-1.20000E+02	-1.19919E+02	1.00000E+06	4.47359E-11	7.00286E-16	2.27340E+05	9.68843E+01	-4.08653E-05
-1.30000E+02	-1.29930E+02	1.00000E+04	4.42907E-11	9.04699E-15	3.47942E+07	1.40811E+06	-4.31277E-05
-1.30000E+02	-1.29930E+02	1.00000E+05	4.48274E-11	8.94427E-17	4.19184E+06	1.10543E+03	-4.31277E-05
-1.30000E+02	-1.29930E+02	1.00000E+06	4.47358E-11	6.30555E-16	2.27335E+05	1.21794E+02	-4.31277E-05
-1.40000E+02	-1.39937E+02	1.00000E+04	4.42930E-11	1.43454E-14	3.45608E+07	1.13392E+06	-4.53415E-05
-1.40000E+02	-1.39937E+02	1.00000E+05	4.48276E-11	9.79796E-17	4.19248E+06	1.48553E+03	-4.53415E-05
-1.40000E+02	-1.39937E+02	1.00000E+06	4.47358E-11	6.72309E-16	2.27318E+05	5.97059E+01	-4.53415E-05
-1.50000E+02	-1.49928E+02	1.00000E+04	4.42944E-11	1.51297E-14	3.45238E+07	4.38344E+05	-4.75324E-05
-1.50000E+02	-1.49928E+02	1.00000E+05	4.48274E-11	2.63818E-16	4.19405E+06	1.19709E+03	-4.75324E-05
-1.50000E+02	-1.49928E+02	1.00000E+06	4.47358E-11	5.53534E-16	2.27434E+05	9.54392E+01	-4.75324E-05
-1.60000E+02	-1.59938E+02	1.00000E+04	4.42978E-11	1.01177E-14	3.43110E+07	6.43291E+05	-4.97166E-05
-1.60000E+02	-1.59938E+02	1.00000E+05	4.48275E-11	1.32665E-16	4.19433E+06	1.12433E+03	-4.97166E-05
-1.60000E+02	-1.59938E+02	1.00000E+06	4.47358E-11	6.80000E-16	2.27411E+05	1.51964E+02	-4.97166E-05
-1.70000E+02	-1.69945E+02	1.00000E+04	4.42882E-11	9.62405E-15	3.45972E+07	6.10909E+05	-5.18663E-05
-1.70000E+02	-1.69945E+02	1.00000E+05	4.48277E-11	4.89898E-17	4.19254E+06	1.84740E+03	-5.18663E-05
-1.70000E+02	-1.69945E+02	1.00000E+06	4.47360E-11	6.11228E-16	2.27395E+05	1.51401E+02	-5.18663E-05
-1.80000E+02	-1.79933E+02	1.00000E+04	4.42906E-11	7.70283E-15	3.47099E+07	2.50171E+05	-5.39958E-05
-1.80000E+02	-1.79933E+02	1.00000E+05	4.48275E-11	1.16619E-16	4.19273E+06	9.46011E+02	-5.39958E-05
-1.80000E+02	-1.79933E+02	1.00000E+06	4.47358E-11	6.18385E-16	2.27401E+05	1.41838E+02	-5.39958E-05
-1.90000E+02	-1.89939E+02	1.00000E+04	4.42982E-11	1.01685E-14	3.45199E+07	4.43104E+05	-5.61131E-05
-1.90000E+02	-1.89939E+02	1.00000E+05	4.48273E-11	1.85472E-16	4.19370E+06	7.86196E+02	-5.61131E-05
-1.90000E+02	-1.89939E+02	1.00000E+06	4.47359E-11	4.49889E-16	2.27398E+05	8.99836E+01	-5.61131E-05
-2.00000E+02	-1.99946E+02	1.00000E+04	4.42957E-11	2.14700E-15	3.46807E+07	5.55475E+05	-5.82176E-05
-2.00000E+02	-1.99946E+02	1.00000E+05	4.48275E-11	1.72047E-16	4.19481E+06	4.97369E+02	-5.82176E-05
-2.00000E+02	-1.99946E+02	1.00000E+06	4.47360E-11	3.76298E-16	2.27483E+05	5.35089E+01	-5.82176E-05
-2.10000E+02	-2.09936E+02	1.00000E+04	4.42968E-11	7.65517E-15	3.44597E+07	1.02967E+06	-6.03166E-05
-2.10000E+02	-2.09936E+02	1.00000E+05	4.48275E-11	1.60000E-16	4.19456E+06	1.15266E+03	-6.03166E-05
-2.10000E+02	-2.09936E+02	1.00000E+06	4.47356E-11	8.23650E-16	2.27358E+05	1.35920E+02	-6.03166E-05
-2.20000E+02	-2.19944E+02	1.00000E+04	4.42912E-11	6.19193E-15	3.43529E+07	5.37006E+05	-6.24118E-05
-2.20000E+02	-2.19944E+02	1.00000E+05	4.48275E-11	1.16619E-16	4.19343E+06	1.07656E+03	-6.24118E-05
-2.20000E+02	-2.19944E+02	1.00000E+06	4.47359E-11	3.44093E-16	2.27459E+05	7.33168E+01	-6.24118E-05
-2.30000E+02	-2.29950E+02	1.00000E+04	4.42888E-11	5.21513E-15	3.42138E+07	4.20139E+05	-6.45147E-05
-2.30000E+02	-2.29950E+02	1.00000E+05	4.48274E-11	1.62481E-16	4.19186E+06	6.40106E+02	-6.45147E-05
-2.30000E+02	-2.29950E+02	1.00000E+06	4.47359E-11	6.66333E-16	2.27432E+05	1.17836E+02	-6.45147E-05
-2.40000E+02	-2.39941E+02	1.00000E+04	4.43063E-11	3.91867E-15	3.53117E+07	5.40312E+05	-6.66130E-05
-2.40000E+02	-2.39941E+02	1.00000E+05	4.48273E-11	1.01980E-16	4.19417E+06	6.12830E+02	-6.66130E-05
-2.40000E+02	-2.39941E+02	1.00000E+06	4.47359E-11	5.15364E-16	2.27411E+05	6.67221E+01	-6.66130E-05
-2.50000E+02	-2.49950E+02	1.00000E+04	4.43016E-11	3.15873E-15	3.44907E+07	8.52235E+05	-6.86966E-05
-2.50000E+02	-2.49950E+02	1.00000E+05	4.48274E-11	4.89898E-17	4.19270E+06	1.83528E+03	-6.86966E-05
-2.50000E+02	-2.49950E+02	1.00000E+06	4.47359E-11	6.40000E-16	2.27371E+05	5.53006E+01	-6.86966E-05
-2.60000E+02	-2.59958E+02	1.00000E+04	4.42972E-11	1.08712E-14	3.47189E+07	6.78259E+05	-7.07650E-05
-2.60000E+02	-2.59958E+02	1.00000E+05	4.48274E-11	1.26491E-16	4.19205E+06	1.27046E+03	-7.07650E-05
-2.60000E+02	-2.59958E+02	1.00000E+06	4.47360E-11	5.09902E-16	2.27348E+05	8.12394E+01	-7.07650E-05
-2.70000E+02	-2.69944E+02	1.00000E+04	4.42959E-11	4.41153E-15	3.35217E+07	8.62874E+05	-7.28622E-05
-2.70000E+02	-2.69944E+02	1.00000E+05	4.48275E-11	1.01980E-16	4.19315E+06	1.23918E+03	-7.28622E-05
-2.70000E+02	-2.69944E+02	1.00000E+06	4.47358E-11	6.54217E-16	2.27372E+05	7.58324E+01	-7.28622E-05
-2.80000E+02	-2.79952E+02	1.00000E+04	4.42983E-11	8.76867E-15	3.41317E+07	6.74452E+05	-7.49981E-05
-2.80000E+02	-2.79952E+02	1.00000E+05	4.48276E-11	1.62481E-16	4.19350E+06	1.37736E+03	-7.49981E-05
-2.80000E+02	-2.79952E+02	1.00000E+06	4.47357E-11	7.33757E-16	2.27354E+05	1.15481E+02	-7.49981E-05
-2.90000E+02	-2.89962E+02	1.00000E+04	4.42944E-11	3.63670E-15	3.41143E+07	4.34707E+05	-7.71410E-05
-2.90000E+02	-2.89962E+02	1.00000E+05	4.48274E-11	4.00000E-17	4.19296E+06	1.18008E+03	-7.71410E-05
-2.90000E+02	-2.89962E+02	1.00000E+06	4.47358E-11	5.62139E-16	2.27350E+05	1.17794E+02	-7.71410E-05
-3.00000E+02	-2.99950E+02	1.00000E+04	4.42967E-11	5.93990E-15	3.40205E+07	4.33704E+05	-7.92996E-05
-3.00000E+02	-2.99950E+02	1.00000E+05	4.48273E-11	8.00000E-17	4.19367E+06	1.52780E+03	-7.92996E-05
-3.00000E+02	-2.99950E+02	1.00000E+06	4.47357E-11	6.46838E-16	2.27355E+05	8.83117E+01	-7.92996E-05
-3.10000E+02	-3.09962E+02	1.00000E+04	4.42906E-11	5.75694E-15	3.40448E+07	8.34934E+05	-8.14679E-05
-3.10000E+02	-3.09962E+02	1.00000E+05	4.48273E-11	1.46969E-16	4.19362E+06	6.21386E+02	-8.14679E-05
-3.10000E+02	-3.09962E+02	1.00000E+06	4.47361E-11	4.11825E-16	2.27414E+05	9.63460E+01	-8.14679E-05
-3.20000E+02	-3.19970E+02	1.00000E+04	4.42924E-11	7.21293E-15	3.41192E+07	5.93896E+05	-8.36645E-05
-3.20000E+02	-3.19970E+02	1.00000E+05	4.48275E-11	8.00000E-17	4.19458E+06	1.51308E+03	-8.36645E-05
-3.20000E+02	-3.19970E+02	1.00000E+06	4.47358E-11	7.22772E-16	2.27427E+05	9.20574E+01	-8.36645E-05
-3.30000E+02	-3.29981E+02	1.00000E+04	4.42929E-11	8.89863E-15	3.45792E+07	9.01703E+05	-8.59072E-05
-3.30000E+02	-3.29981E+02	1.00000E+05	4.48276E-11	1.74356E-16	4.19275E+06	1.15319E+03	-8.59072E-05
-3.30000E+02	-3.29981E+02	1.00000E+06	4.47357E-11	6.85857E-16	2.27394E+05	8.03617E+01	-8.59072E-05
-3.40000E+02	-3.39967E+02	1.00000E+04	4.42926E-11	5.14642E-15	3.45154E+07	1.02268E+06	-8.81854E-05
-3.40000E+02	-3.39967E+02	1.00000E+05	4.48276E-11	9.79796E-17	4.19184E+06	1.06445E+03	-8.81854E-05
-3.40000E+02	-3.39967E+02	1.00000E+06	4.47359E-11	4.83322E-16	2.27398E+05	1.03471E+02	-8.81854E-05
-3.50000E+02	-3.49977E+02	1.00000E+04	4.42974E-11	1.08741E-14	3.46771E+07	2.52245E+05	-9.04654E-05
-3.50000E+02	-3.49977E+02	1.00000E+05	4.48274E-11	1.62481E-16	4.19410E+06	1.40487E+03	-9.04654E-05
-3.50000E+02	-3.49977E+02	1.00000E+06	4.47358E-11	3.48712E-16	2.27400E+05	1.24111E+02	-9.04654E-05
-3.60000E+02	-3.59986E+02	1.00000E+04	4.42921E-11	1.09955E-14	3.48904E+07	9.20721E+05	-9.28089E-05
-3.60000E+02	-3.59986E+02	1.00000E+05	4.48274E-11	1.35647E-16	4.19196E+06	8.58030E+02	-9.28089E-05
-3.60000E+02	-3.59986E+02	1.00000E+06	4.47359E-11	6.43117E-16	2.27442E+05	1.49288E+02	-9.28089E-05
-3.70000E+02	-3.69977E+02	1.00000E+04	4.42951E-11	1.21850E-14	3.38734E+07	5.92656E+05	-9.52455E-05
-3.70000E+02	-3.69977E+02	1.00000E+05	4.48274E-11	1.16619E-16	4.19361E+06	1.97363E+03	-9.52455E-05
-3.70000E+02	-3.69977E+02	1.00000E+06	4.47359E-11	7.22219E-16	2.27460E+05	1.01983E+02	-9.52455E-05
-3.80000E+02	-3.79985E+02	1.00000E+04	4.42979E-11	1.02602E-14	3.50749E+07	7.74684E+05	-9.77085E-05
-3.80000E+02	-3.79985E+02	1.00000E+05	4.48275E-11	1.74356E-16	4.19293E+06	1.69957E+03	-9.77085E-05
-3.80000E+02	-3.79985E+02	1.00000E+06	4.47359E-11	5.65685E-16	2.27480E+05	5.95933E+01	-9.77085E-05
-3.90000E+02	-3.89993E+02	1.00000E+04	4.42958E-11	1.61141E-14	3.41228E+07	3.99064E+05	-1.00125E-04
-3.90000E+02	-3.89993E+02	1.00000E+05	4.48275E-11	1.46969E-16	4.19293E+06	1.83059E+03	-1.00125E-04
-3.90000E+02	-3.89993E+02	1.00000E+06	4.47359E-11	4.96387E-16	2.27472E+05	1.54193E+02	-1.00125E-04
-4.00000E+02	-3.99972E+02	1.00000E+04	4.43219E-11	1.05441E-14	3.53657E+07	1.33962E+06	-1.02654E-04
-4.00000E+02	-3.99972E+02	1.00000E+05	4.48273E-11	2.41661E-16	4.19383E+06	6.62341E+02	-1.02654E-04
-4.00000E+02	-3.99972E+02	1.00000E+06	4.47360E-11	5.11468E-16	2.27507E+05	5.21789E+01	-1.02654E-04
-4.10000E+02	-4.09979E+02	1.00000E+04	4.43362E-11	1.43423E-14	3.47492E+07	3.88416E+05	-1.05262E-04
-4.10000E+02	-4.09979E+02	1.00000E+05	4.48273E-11	1.16619E-16	4.19081E+06	2.27975E+03	-1.05262E-04
-4.10000E+02	-4.09979E+02	1.00000E+06	4.47358E-11	5.57136E-16	2.27460E+05	6.20741E+01	-1.05262E-04
-4.20000E+02	-4.19982E+02	1.00000E+04	4.43307E-11	1.24223E-14	3.44977E+07	8.79836E+05	-1.08065E-04
-4.20000E+02	-4.19982E+02	1.00000E+05	4.48276E-11	2.48193E-16	4.19261E+06	1.44658E+03	-1.08065E-04
-4.20000E+02	-4.19982E+02	1.00000E+06	4.47357E-11	6.43117E-16	2.27412E+05	8.50891E+01	-1.08065E-04
-4.30000E+02	-4.29972E+02	1.00000E+04	4.43334E-11	1.79926E-14	3.50042E+07	7.71669E+05	-1.10889E-04
-4.30000E+02	-4.29972E+02	1.00000E+05	4.48272E-11	1.89737E-16	4.19085E+06	2.11537E+03	-1.10889E-04
-4.30000E+02	-4.29972E+02	1.00000E+06	4.47359E-11	3.28634E-16	2.27421E+05	6.32582E+01	-1.10889E-04
-4.40000E+02	-4.39979E+02	1.00000E+04	4.43286E-11	7.63167E-15	3.46461E+07	1.01242E+06	-1.13691E-04
-4.40000E+02	-4.39979E+02	1.00000E+05	4.48274E-11	1.32665E-16	4.19036E+06	7.67557E+02	-1.13691E-04
-4.40000E+02	-4.39979E+02	1.00000E+06	4.47359E-11	5.89915E-16	2.27439E+05	1.01517E+02	-1.13691E-04
-4.50000E+02	-4.49987E+02	1.00000E+04	4.43309E-11	1.09598E-14	3.46424E+07	1.06510E+06	-1.16842E-04
-4.50000E+02	-4.49987E+02	1.00000E+05	4.48274E-11	2.05913E-16	4.19348E+06	1.06231E+03	-1.16842E-04
-4.50000E+02	-4.49987E+02	1.00000E+06	4.47359E-11	4.53431E-16	2.27437E+05	9.25924E+01	-1.16842E-04
-4.60000E+02	-4.59976E+02	1.00000E+04	4.43373E-11	7.57248E-15	3.49546E+07	9.03967E+05	-1.20224E-04
-4.60000E+02	-4.59976E+02	1.00000E+05	4.48274E-11	1.26491E-16	4.19354E+06	7.44972E+02	-1.20224E-04
-4.60000E+02	-4.59976E+02	1.00000E+06	4.47359E-11	4.06940E-16	2.27528E+05	1.11318E+02	-1.20224E-04
-4.70000E+02	-4.69985E+02	1.00000E+04	4.43307E-11	9.31373E-15	3.41423E+07	1.12889E+06	-1.22981E-04
-4.70000E+02	-4.69985E+02	1.00000E+05	4.48273E-11	1.41421E-16	4.19078E+06	1.42418E+03	-1.22981E-04
-4.70000E+02	-4.69985E+02	1.00000E+06	4.47358E-11	5.70614E-16	2.27452E+05	8.64236E+01	-1.22981E-04
-4.80000E+02	-4.79993E+02	1.00000E+04	4.43383E-11	1.43698E-14	3.49996E+07	7.15005E+05	-1.26313E-04
-4.80000E+02	-4.79993E+02	1.00000E+05	4.48273E-11	1.93907E-16	4.19501E+06	1.69677E+03	-1.26313E-04
-4.80000E+02	-4.79993E+02	1.00000E+06	4.47360E-11	5.42586E-16	2.27576E+05	1.12721E+02	-1.26313E-04
-4.90000E+02	-4.89978E+02	1.00000E+04	4.43494E-11	1.55826E-14	3.51230E+07	4.76496E+05	-1.29411E-04
-4.90000E+02	-4.89978E+02	1.00000E+05	4.48347E-11	1.78885E-16	4.19429E+06	9.16524E+02	-1.29411E-04
-4.90000E+02	-4.89978E+02	1.00000E+06	4.47444E-11	5.53534E-16	2.27537E+05	1.52235E+02	-1.29411E-04
-5.00000E+02	-4.99986E+02	1.00000E+04	4.43346E-11	1.39963E-14	3.53937E+07	9.98582E+05	-1.32692E-04
-5.00000E+02	-4.99986E+02	1.00000E+05	4.48348E-11	2.80000E-16	4.19453E+06	1.76965E+03	-1.32692E-04
-5.00000E+02	-4.99986E+02	1.00000E+06	4.47447E-11	6.80000E-16	2.27587E+05	1.37417E+02	-1.32692E-04
-5.10000E+02	-5.09994E+02	1.00000E+04	4.43370E-11	1.05556E-14	3.49297E+07	7.89533E+05	-1.35940E-04
-5.10000E+02	-5.09994E+02	1.00000E+05	4.48348E-11	1.60000E-16	4.19538E+06	1.37446E+03	-1.35940E-04
-5.10000E+02	-5.09994E+02	1.00000E+06	4.47446E-11	4.96387E-16	2.27597E+05	6.83591E+01	-1.35940E-04
-5.20000E+02	-5.19985E+02	1.00000E+04	4.43332E-11	1.22849E-14	3.53731E+07	6.94887E+05	-1.39228E-04
-5.20000E+02	-5.19985E+02	1.00000E+05	4.48350E-11	1.85472E-16	4.19302E+06	2.28323E+03	-1.39228E-04
-5.20000E+02	-5.19985E+02	1.00000E+06	4.47445E-11	6.73498E-16	2.27546E+05	1.13637E+02	-1.39228E-04
-5.30000E+02	-5.29990E+02	1.00000E+04	4.43350E-11	1.54637E-14	3.48616E+07	3.47950E+05	-1.42811E-04
-5.30000E+02	-5.29990E+02	1.00000E+05	4.48346E-11	3.31059E-16	4.19440E+06	2.00570E+03	-1.42811E-04
-5.30000E+02	-5.29990E+02	1.00000E+06	4.47444E-11	6.68132E-16	2.27566E+05	1.05792E+02	-1.42811E-04
-5.40000E+02	-5.39999E+02	1.00000E+04	4.43444E-11	1.86932E-14	3.49082E+07	1.00035E+06	-1.46327E-04
-5.40000E+02	-5.39999E+02	1.00000E+05	4.48350E-11	2.22711E-16	4.19368E+06	2.14104E+03	-1.46327E-04
-5.40000E+02	-5.39999E+02	1.00000E+06	4.47446E-11	5.84466E-16	2.27607E+05	8.66926E+01	-1.46327E-04
-5.50000E+02	-5.49987E+02	1.00000E+04	4.43394E-11	1.06884E-14	3.50037E+07	1.51679E+06	-1.49870E-04
-5.50000E+02	-5.49987E+02	1.00000E+05	4.48348E-11	1.93907E-16	4.19478E+06	1.24112E+03	-1.49870E-04
-5.50000E+02	-5.49987E+02	1.00000E+06	4.47446E-11	5.46260E-16	2.27616E+05	3.72269E+01	-1.49870E-04
-5.60000E+02	-5.59996E+02	1.00000E+04	4.43388E-11	6.25409E-15	3.48225E+07	5.79545E+05	-1.53568E-04
-5.60000E+02	-5.59996E+02	1.00000E+05	4.48346E-11	8.00000E-17	4.19335E+06	1.73344E+03	-1.53568E-04
-5.60000E+02	-5.59996E+02	1.00000E+06	4.47445E-11	6.72309E-16	2.27566E+05	1.01328E+02	-1.53568E-04
-5.70000E+02	-5.69999E+02	1.00000E+04	4.43402E-11	1.42336E-14	3.41750E+07	7.54432E+05	-1.57135E-04
-5.70000E+02	-5.69999E+02	1.00000E+05	4.48349E-11	1.01980E-16	4.19375E+06	2.11833E+03	-1.57135E-04
-5.70000E+02	-5.69999E+02	1.00000E+06	4.47446E-11	6.00000E-16	2.27522E+05	9.99108E+01	-1.57135E-04
-5.80000E+02	-5.79986E+02	1.00000E+04	4.43452E-11	1.00504E-14	3.50239E+07	1.02403E+06	-1.60953E-04
-5.80000E+02	-5.79986E+02	1.00000E+05	4.48350E-11	1.93907E-16	4.19437E+06	1.79016E+03	-1.60953E-04
-5.80000E+02	-5.79986E+02	1.00000E+06	4.47443E-11	6.93974E-16	2.27524E+05	1.13790E+02	-1.60953E-04
-5.90000E+02	-5.89995E+02	1.00000E+04	4.43442E-11	4.98702E-15	3.44328E+07	9.58917E+05	-1.64904E-04
-5.90000E+02	-5.89995E+02	1.00000E+05	4.48350E-11	1.62481E-16	4.19308E+06	1.48231E+03	-1.64904E-04
-5.90000E+02	-5.89995E+02	1.00000E+06	4.47446E-11	4.79166E-16	2.27619E+05	1.28474E+02	-1.64904E-04
-6.00000E+02	-6.00001E+02	1.00000E+04	4.43384E-11	1.72259E-14	3.53966E+07	1.20364E+06	-1.68830E-04
-6.00000E+02	-6.00001E+02	1.00000E+05	4.48347E-11	2.87054E-16	4.19547E+06	1.14231E+03	-1.68830E-04
-6.00000E+02	-6.00001E+02	1.00000E+06	4.47445E-11	6.69328E-16	2.27602E+05	8.96094E+01	-1.68830E-04
-6.10000E+02	-6.09992E+02	1.00000E+04	4.43318E-11	1.66034E-14	3.56994E+07	5.13413E+05	-1.72592E-04
-6.10000E+02	-6.09992E+02	1.00000E+05	4.48346E-11	1.78885E-16	4.19212E+06	1.50497E+03	-1.72592E-04
-6.10000E+02	-6.09992E+02	1.00000E+06	4.47444E-11	5.51362E-16	2.27529E+05	1.58283E+02	-1.72592E-04
-6.20000E+02	-6.19998E+02	1.00000E+04	4.43301E-11	1.14959E-14	3.57253E+07	1.08967E+06	-1.76770E-04
-6.20000E+02	-6.19998E+02	1.00000E+05	4.48347E-11	1.16619E-16	4.19263E+06	2.03590E+03	-1.76770E-04
-6.20000E+02	-6.19998E+02	1.00000E+06	4.47445E-11	5.40370E-16	2.27553E+05	1.22171E+02	-1.76770E-04
-6.30000E+02	-6.30009E+02	1.00000E+04	4.43441E-11	1.38583E-14	3.52227E+07	7.82425E+05	-1.80718E-04
-6.30000E+02	-6.30009E+02	1.00000E+05	4.48350E-11	1.49666E-16	4.19310E+06	1.26923E+03	-1.80718E-04
-6.30000E+02	-6.30009E+02	1.00000E+06	4.47445E-11	5.94643E-16	2.27466E+05	1.33498E+02	-1.80718E-04
-6.40000E+02	-6.40015E+02	1.00000E+04	4.43310E-11	1.42373E-14	3.44716E+07	6.70076E+05	-1.84915E-04
-6.40000E+02	-6.40015E+02	1.00000E+05	4.48347E-11	8.00000E-17	4.19126E+06	1.88513E+03	-1.84915E-04
-6.40000E+02	-6.40015E+02	1.00000E+06	4.47445E-11	6.09918E-16	2.27516E+05	6.11117E+01	-1.84915E-04
-6.50000E+02	-6.49999E+02	1.00000E+04	4.43412E-11	1.09892E-14	3.50900E+07	1.19322E+06	-1.89196E-04
-6.50000E+02	-6.49999E+02	1.00000E+05	4.48348E-11	1.85472E-16	4.19592E+06	1.06854E+03	-1.89196E-04
-6.50000E+02	-6.49999E+02	1.00000E+06	4.47445E-11	6.46838E-16	2.27529E+05	1.17060E+02	-1.89196E-04
-6.60000E+02	-6.60009E+02	1.00000E+04	4.43378E-11	1.25851E-14	3.49064E+07	6.21432E+05	-1.93435E-04
-6.60000E+02	-6.60009E+02	1.00000E+05	4.48346E-11	2.41661E-16	4.19203E+06	1.69428E+03	-1.93435E-04
-6.60000E+02	-6.60009E+02	1.00000E+06	4.47445E-11	5.88558E-16	2.27536E+05	8.36215E+01	-1.93435E-04
-6.70000E+02	-6.70015E+02	1.00000E+04	4.43389E-11	8.91708E-15	3.46641E+07	7.15500E+05	-1.97590E-04
-6.70000E+02	-6.70015E+02	1.00000E+05	4.48350E-11	3.72022E-16	4.19491E+06	1.06114E+03	-1.97590E-04
-6.70000E+02	-6.70015E+02	1.00000E+06	4.47443E-11	6.59090E-16	2.27577E+05	1.31236E+02	-1.97590E-04
-6.80000E+02	-6.80004E+02	1.00000E+04	4.43433E-11	1.28112E-14	3.48790E+07	5.42998E+05	-2.01795E-04
-6.80000E+02	-6.80004E+02	1.00000E+05	4.48349E-11	8.94427E-17	4.19492E+06	9.30613E+02	-2.01795E-04
-6.80000E+02	-6.80004E+02	1.00000E+06	4.47444E-11	7.02567E-16	2.27551E+05	1.18853E+02	-2.01795E-04
-6.90000E+02	-6.90010E+02	1.00000E+04	4.43419E-11	1.56672E-14	3.44120E+07	6.42415E+05	-2.06318E-04
-6.90000E+02	-6.90010E+02	1.00000E+05	4.48349E-11	1.20000E-16	4.19583E+06	1.41984E+03	-2.06318E-04
-6.90000E+02	-6.90010E+02	1.00000E+06	4.47445E-11	6.99714E-16	2.27584E+05	1.27205E+02	-2.06318E-04
-7.00000E+02	-7.00017E+02	1.00000E+04	4.43496E-11	1.54258E-14	3.46150E+07	7.33530E+05	-2.10494E-04
-7.00000E+02	-7.00017E+02	1.00000E+05	4.48346E-11	1.85472E-16	4.19205E+06	9.70373E+02	-2.10494E-04
-7.00000E+02	-7.00017E+02	1.00000E+06	4.47444E-11	6.17738E-16	2.27477E+05	1.23743E+02	-2.10494E-04
-7.10000E+02	-7.10004E+02	1.00000E+04	4.43389E-11	5.44742E-15	3.48450E+07	7.10855E+05	-2.14677E-04
-7.10000E+02	-7.10004E+02	1.00000E+05	4.48348E-11	2.31517E-16	4.19561E+06	1.71153E+03	-2.14677E-04
-7.10000E+02	-7.10004E+02	1.00000E+06	4.47444E-11	6.67533E-16	2.27549E+05	7.00617E+01	-2.14677E-04
-7.20000E+02	-7.20007E+02	1.00000E+04	4.43385E-11	1.39060E-14	3.57712E+07	1.32125E+06	-2.19088E-04
-7.20000E+02	-7.20007E+02	1.00000E+05	4.48347E-11	2.00000E-16	4.19195E+06	5.51050E+02	-2.19088E-04
-7.20000E+02	-7.20007E+02	1.00000E+06	4.47443E-11	6.32456E-16	2.27585E+05	1.56638E+02	-2.19088E-04
-7.30000E+02	-7.30014E+02	1.00000E+04	4.43479E-11	1.05460E-14	3.46023E+07	7.88381E+05	-2.23415E-04
-7.30000E+02	-7.30014E+02	1.00000E+05	4.48345E-11	1.85472E-16	4.19540E+06	1.86166E+03	-2.23415E-04
-7.30000E+02	-7.30014E+02	1.00000E+06	4.47444E-11	4.75815E-16	2.27588E+05	1.32926E+02	-2.23415E-04
-7.40000E+02	-7.40001E+02	1.00000E+04	4.43339E-11	1.14330E-14	3.49600E+07	1.05169E+06	-2.27874E-04
-7.40000E+02	-7.40001E+02	1.00000E+05	4.48348E-11	2.80000E-16	4.19498E+06	1.75215E+03	-2.27874E-04
-7.40000E+02	-7.40001E+02	1.00000E+06	4.47445E-11	6.52380E-16	2.27482E+05	7.55592E+01	-2.27874E-04
-7.50000E+02	-7.50007E+02	1.00000E+04	4.43405E-11	6.97011E-15	3.56031E+07	1.71384E+06	-2.32412E-04
-7.50000E+02	-7.50007E+02	1.00000E+05	4.48348E-11	2.71293E-16	4.19493E+06	2.25802E+03	-2.32412E-04
-7.50000E+02	-7.50007E+02	1.00000E+06	4.47444E-11	7.13863E-16	2.27536E+05	8.14528E+01	-2.32412E-04
-7.60000E+02	-7.60012E+02	1.00000E+04	4.43423E-11	1.32096E-14	3.42903E+07	5.39987E+05	-2.36590E-04
-7.60000E+02	-7.60012E+02	1.00000E+05	4.48350E-11	1.01980E-16	4.19356E+06	1.89353E+03	-2.36590E-04
-7.60000E+02	-7.60012E+02	1.00000E+06	4.47444E-11	5.91270E-16	2.27525E+05	8.97833E+01	-2.36590E-04
-7.70000E+02	-7.70002E+02	1.00000E+04	4.43377E-11	5.39236E-15	3.47431E+07	9.14190E+05	-2.41125E-04
-7.70000E+02	-7.70002E+02	1.00000E+05	4.48346E-11	1.16619E-16	4.19179E+06	2.40721E+03	-2.41125E-04
-7.70000E+02	-7.70002E+02	1.00000E+06	4.47444E-11	3.72022E-16	2.27512E+05	1.40925E+02	-2.41125E-04
-7.80000E+02	-7.80009E+02	1.00000E+04	4.43352E-11	4.75756E-15	3.48627E+07	7.09132E+05	-2.45183E-04
-7.80000E+02	-7.80009E+02	1.00000E+05	4.48349E-11	2.72764E-16	4.19382E+06	2.06589E+03	-2.45183E-04
-7.80000E+02	-7.80009E+02	1.00000E+06	4.47445E-11	5.17687E-16	2.27542E+05	1.52181E+02	-2.45183E-04
-7.90000E+02	-7.90015E+02	1.00000E+04	4.43472E-11	6.52276E-15	3.51483E+07	1.52114E+06	-2.50285E-04
-7.90000E+02	-7.90015E+02	1.00000E+05	4.48346E-11	2.68328E-16	4.19637E+06	1.37187E+03	-2.50285E-04
-7.90000E+02	-7.90015E+02	1.00000E+06	4.47444E-11	4.06940E-16	2.27625E+05	7.83260E+01	-2.50285E-04
-8.00000E+02	-8.00001E+02	1.00000E+04	4.43448E-11	1.10451E-14	3.47143E+07	5.40109E+05	-2.54840E-04
-8.00000E+02	-8.00001E+02	1.00000E+05	4.48349E-11	1.46969E-16	4.19447E+06	2.10096E+03	-2.54840E-04
-8.00000E+02	-8.00001E+02	1.00000E+06	4.47444E-11	4.95580E-16	2.27561E+05	1.48551E+02	-2.54840E-04
-8.10000E+02	-8.10007E+02	1.00000E+04	4.43422E-11	9.24956E-15	3.43348E+07	5.21207E+05	-2.59487E-04
-8.10000E+02	-8.10007E+02	1.00000E+05	4.48346E-11	1.41421E-16	4.19257E+06	1.56048E+03	-2.59487E-04
-8.10000E+02	-8.10007E+02	1.00000E+06	4.47444E-11	6.54217E-16	2.27497E+05	1.05230E+02	-2.59487E-04
-8.20000E+02	-8.20017E+02	1.00000E+04	4.43330E-11	1.23406E-14	3.54386E+07	8.35128E+05	-2.64576E-04
-8.20000E+02	-8.20017E+02	1.00000E+05	4.48349E-11	1.67332E-16	4.19522E+06	2.09806E+03	-2.64576E-04
-8.20000E+02	-8.20017E+02	1.00000E+06	4.47442E-11	7.81281E-16	2.27540E+05	8.92211E+01	-2.64576E-04
-8.30000E+02	-8.30003E+02	1.00000E+04	4.43406E-11	1.53450E-14	3.54922E+07	4.95800E+05	-2.69620E-04
-8.30000E+02	-8.30003E+02	1.00000E+05	4.48349E-11	1.62481E-16	4.19489E+06	1.14702E+03	-2.69620E-04
-8.30000E+02	-8.30003E+02	1.00000E+06	4.47444E-11	5.49181E-16	2.27534E+05	4.38497E+01	-2.69620E-04
-8.40000E+02	-8.40006E+02	1.00000E+04	4.43427E-11	6.24769E-15	3.49262E+07	3.49499E+05	-2.74811E-04
-8.40000E+02	-8.40006E+02	1.00000E+05	4.48346E-11	1.93907E-16	4.19266E+06	1.09717E+03	-2.74811E-04
-8.40000E+02	-8.40006E+02	1.00000E+06	4.47443E-11	5.91270E-16	2.27592E+05	1.01004E+02	-2.74811E-04
-8.50000E+02	-8.50008E+02	1.00000E+04	4.43413E-11	5.67873E-15	3.54623E+07	5.90357E+05	-2.80049E-04
-8.50000E+02	-8.50008E+02	1.00000E+05	4.48350E-11	1.32665E-16	4.19325E+06	2.36961E+03	-2.80049E-04
-8.50000E+02	-8.50008E+02	1.00000E+06	4.47445E-11	4.17612E-16	2.27609E+05	1.35939E+02	-2.80049E-04
-8.60000E+02	-8.59994E+02	1.00000E+04	4.43440E-11	7.58931E-15	3.43998E+07	2.88670E+05	-2.85464E-04
-8.60000E+02	-8.59994E+02	1.00000E+05	4.48347E-11	1.67332E-16	4.19574E+06	1.48924E+03	-2.85464E-04
-8.60000E+02	-8.59994E+02	1.00000E+06	4.47443E-11	5.54977E-16	2.27530E+05	1.03678E+02	-2.85464E-04
-8.70000E+02	-8.69993E+02	1.00000E+04	4.43425E-11	7.24525E-15	3.48686E+07	6.84237E+05	-2.90649E-04
-8.70000E+02	-8.69993E+02	1.00000E+05	4.48349E-11	1.72047E-16	4.19471E+06	1.53087E+03	-2.90649E-04
-8.70000E+02	-8.69993E+02	1.00000E+06	4.47444E-11	5.91270E-16	2.27550E+05	1.31576E+02	-2.90649E-04
-8.80000E+02	-8.79996E+02	1.00000E+04	4.43396E-11	5.04183E-15	3.52092E+07	3.70634E+05	-2.95628E-04
-8.80000E+02	-8.79996E+02	1.00000E+05	4.48346E-11	2.05913E-16	4.19502E+06	5.44794E+02	-2.95628E-04
-8.80000E+02	-8.79996E+02	1.00000E+06	4.47445E-11	6.74092E-16	2.27563E+05	1.43614E+02	-2.95628E-04
-8.90000E+02	-8.89978E+02	1.00000E+04	4.43401E-11	7.72000E-15	3.46901E+07	4.89647E+05	-3.00965E-04
-8.90000E+02	-8.89978E+02	1.00000E+05	4.48345E-11	1.01980E-16	4.19240E+06	2.27625E+03	-3.00965E-04
-8.90000E+02	-8.89978E+02	1.00000E+06	4.47445E-11	4.95580E-16	2.27583E+05	1.10659E+02	-3.00965E-04
-9.00000E+02	-8.99980E+02	1.00000E+04	4.43386E-11	8.67534E-15	3.54178E+07	5.06935E+05	-3.06342E-04
-9.00000E+02	-8.99980E+02	1.00000E+05	4.48347E-11	2.78568E-16	4.19636E+06	1.06887E+03	-3.06342E-04
-9.00000E+02	-8.99980E+02	1.00000E+06	4.47444E-11	4.87442E-16	2.27581E+05	1.12103E+02	-3.06342E-04
-9.10000E+02	-9.09989E+02	1.00000E+04	4.43419E-11	4.80816E-15	3.50723E+07	8.93432E+05	-3.12155E-04
-9.10000E+02	-9.09989E+02	1.00000E+05	4.48344E-11	1.41421E-16	4.19259E+06	1.25716E+03	-3.12155E-04
-9.10000E+02	-9.09989E+02	1.00000E+06	4.47445E-11	5.12250E-16	2.27605E+05	8.85022E+01	-3.12155E-04
-9.20000E+02	-9.19976E+02	1.00000E+04	4.43352E-11	8.18501E-15	3.55484E+07	8.95271E+05	-3.17715E-04
-9.20000E+02	-9.19976E+02	1.00000E+05	4.48348E-11	1.72047E-16	4.19553E+06	1.44488E+03	-3.17715E-04
-9.20000E+02	-9.19976E+02	1.00000E+06	4.47444E-11	6.95701E-16	2.27541E+05	1.27059E+02	-3.17715E-04
-9.30000E+02	-9.29984E+02	1.00000E+04	4.43472E-11	7.87563E-15	3.43899E+07	8.87514E+05	-3.23591E-04
-9.30000E+02	-9.29984E+02	1.00000E+05	4.48348E-11	1.41421E-16	4.19242E+06	1.97932E+03	-3.23591E-04
-9.30000E+02	-9.29984E+02	1.00000E+06	4.47445E-11	5.23068E-16	2.27571E+05	1.47264E+02	-3.23591E-04
-9.40000E+02	-9.39989E+02	1.00000E+04	4.43428E-11	9.06369E-15	3.51316E+07	4.25801E+05	-3.29478E-04
-9.40000E+02	-9.39989E+02	1.00000E+05	4.48346E-11	2.63818E-16	4.19135E+06	1.10010E+03	-3.29478E-04
-9.40000E+02	-9.39989E+02	1.00000E+06	4.47444E-11	4.89898E-16	2.27564E+05	1.27231E+02	-3.29478E-04
-9.50000E+02	-9.49993E+02	1.00000E+04	4.43354E-11	3.01702E-15	3.47498E+07	5.57586E+05	-3.35503E-04
-9.50000E+02	-9.49993E+02	1.00000E+05	4.48348E-11	1.85472E-16	4.19079E+06	6.48475E+02	-3.35503E-04
-9.50000E+02	-9.49993E+02	1.00000E+06	4.47443E-11	5.21536E-16	2.27584E+05	5.26900E+01	-3.35503E-04
-9.60000E+02	-9.59981E+02	1.00000E+04	4.43387E-11	2.72074E-15	3.54027E+07	1.16486E+06	-3.41868E-04
-9.60000E+02	-9.59981E+02	1.00000E+05	4.48345E-11	1.35647E-16	4.19359E+06	1.60237E+03	-3.41868E-04
-9.60000E+02	-9.59981E+02	1.00000E+06	4.47444E-11	4.95580E-16	2.27625E+05	1.00241E+02	-3.41868E-04
-9.70000E+02	-9.69988E+02	1.00000E+04	4.43401E-11	6.25044E-15	3.52511E+07	1.45387E+06	-3.48059E-04
-9.70000E+02	-9.69988E+02	1.00000E+05	4.48346E-11	2.05913E-16	4.19585E+06	1.08919E+03	-3.48059E-04
-9.70000E+02	-9.69988E+02	1.00000E+06	4.47444E-11	5.62139E-16	2.27617E+05	1.21501E+02	-3.48059E-04
-9.80000E+02	-9.79997E+02	1.00000E+04	4.43307E-11	7.06445E-15	3.42869E+07	8.04401E+05	-3.54386E-04
-9.80000E+02	-9.79997E+02	1.00000E+05	4.48347E-11	1.35647E-16	4.19675E+06	1.52215E+03	-3.54386E-04
-9.80000E+02	-9.79997E+02	1.00000E+06	4.47443E-11	7.07107E-16	2.27543E+05	1.44849E+02	-3.54386E-04
-9.90000E+02	-9.89981E+02	1.00000E+04	4.43370E-11	8.12857E-15	3.51929E+07	9.90046E+05	-3.60922E-04
-9.90000E+02	-9.89981E+02	1.00000E+05	4.48347E-11	2.49800E-16	4.19667E+06	6.89075E+02	-3.60922E-04
-9.90000E+02	-9.89981E+02	1.00000E+06	4.47444E-11	5.40370E-16	2.27571E+05	9.88627E+01	-3.60922E-04
