# Single CV
# 
# Power Supply voltage limit:      2.10E+01 V
# Power Supply current limit:      1.00E-03 A
# LCR measurement voltage:         5.00E-01 V
# LCR measurement frequency:       1.00E+03 Hz
# Voltage Delay:                       3.00 s
# 
# 
# 
# Nominal Voltage [V]	 Measured Voltage [V]	Freq [Hz]	R [Ohm]	R_Err [Ohm]	X [Ohm]	X_Err [Ohm]	Cs [F]	Cp [F]	Total Current [A]
-1.00000E+01	-1.00008E+01	5.00000E+02	1.43081E+06	2.00639E+02	-8.76444E+05	1.43553E+02	3.63183E-10	9.90922E-11	-1.42355E-05
-1.00000E+01	-1.00008E+01	1.00000E+03	1.01828E+06	2.78568E+01	-8.85388E+05	2.36356E+01	1.79757E-10	7.73908E-11	-1.42355E-05
-1.00000E+01	-1.00008E+01	1.00000E+04	3.88409E+04	1.72627E+00	-2.45814E+05	2.48193E+00	6.47461E-11	6.31690E-11	-1.42355E-05
-2.00000E+01	-2.00002E+01	5.00000E+02	1.45101E+06	2.22657E+02	-1.19001E+06	1.84673E+02	2.67486E-10	1.07564E-10	-2.15890E-05
-2.00000E+01	-2.00002E+01	1.00000E+03	9.64274E+05	2.94591E+01	-1.03285E+06	3.18748E+01	1.54093E-10	8.23314E-11	-2.15890E-05
-2.00000E+01	-2.00002E+01	1.00000E+04	3.61609E+04	5.31413E-01	-2.46151E+05	1.16619E+00	6.46574E-11	6.32915E-11	-2.15890E-05
-3.00000E+01	-2.99233E+01	5.00000E+02	1.46065E+06	1.76635E+02	-1.41810E+06	2.33187E+02	2.24462E-10	1.08914E-10	-2.73508E-05
-3.00000E+01	-2.99233E+01	1.00000E+03	9.25799E+05	1.48243E+01	-1.13852E+06	2.09762E+01	1.39791E-10	8.41492E-11	-2.73508E-05
-3.00000E+01	-2.99233E+01	1.00000E+04	3.41028E+04	3.91918E-01	-2.46460E+05	7.48331E-01	6.45764E-11	6.33633E-11	-2.73508E-05
-4.00000E+01	-3.99268E+01	5.00000E+02	1.46515E+06	3.33191E+02	-1.60701E+06	1.39226E+02	1.98076E-10	1.08165E-10	-3.24321E-05
-4.00000E+01	-3.99268E+01	1.00000E+03	8.94031E+05	1.47241E+01	-1.22459E+06	2.92575E+01	1.29966E-10	8.47791E-11	-3.24321E-05
-4.00000E+01	-3.99268E+01	1.00000E+04	3.23602E+04	2.26363E+00	-2.46748E+05	7.73046E+00	6.45011E-11	6.34104E-11	-3.24321E-05
-5.00000E+01	-4.99357E+01	5.00000E+02	1.46625E+06	2.38378E+02	-1.76764E+06	1.78729E+02	1.80076E-10	1.06676E-10	-3.70815E-05
-5.00000E+01	-4.99357E+01	1.00000E+03	8.66854E+05	2.02445E+01	-1.29692E+06	4.95580E+01	1.22717E-10	8.48228E-11	-3.70815E-05
-5.00000E+01	-4.99357E+01	1.00000E+04	3.08513E+04	6.04649E-01	-2.47006E+05	1.16619E+00	6.44336E-11	6.34438E-11	-3.70815E-05
-6.00000E+01	-5.99183E+01	5.00000E+02	1.46556E+06	2.51364E+02	-1.90708E+06	1.87574E+02	1.66910E-10	1.04937E-10	-4.13928E-05
-6.00000E+01	-5.99183E+01	1.00000E+03	8.43127E+05	1.61047E+01	-1.35912E+06	5.30660E+01	1.17101E-10	8.45600E-11	-4.13928E-05
-6.00000E+01	-5.99183E+01	1.00000E+04	2.95264E+04	1.36909E+00	-2.47247E+05	1.41421E+00	6.43708E-11	6.34657E-11	-4.13928E-05
-7.00000E+01	-6.99250E+01	5.00000E+02	1.46414E+06	2.15815E+02	-2.03118E+06	2.61885E+02	1.56711E-10	1.03127E-10	-4.55099E-05
-7.00000E+01	-6.99250E+01	1.00000E+03	8.21907E+05	2.37655E+01	-1.41405E+06	6.11228E+01	1.12552E-10	8.41298E-11	-4.55099E-05
-7.00000E+01	-6.99250E+01	1.00000E+04	2.83351E+04	9.26067E-01	-2.47475E+05	7.48331E-01	6.43116E-11	6.34794E-11	-4.55099E-05
-8.00000E+01	-7.99331E+01	5.00000E+02	1.46231E+06	2.80956E+02	-2.14369E+06	3.47310E+02	1.48487E-10	1.01334E-10	-4.94473E-05
-8.00000E+01	-7.99331E+01	1.00000E+03	8.02613E+05	2.60000E+01	-1.46337E+06	5.35164E+01	1.08759E-10	8.36084E-11	-4.94473E-05
-8.00000E+01	-7.99331E+01	1.00000E+04	2.72540E+04	2.52982E-01	-2.47690E+05	1.16619E+00	6.42556E-11	6.34870E-11	-4.94473E-05
-9.00000E+01	-8.99230E+01	5.00000E+02	1.45965E+06	1.60250E+02	-2.24548E+06	3.23333E+02	1.41756E-10	9.96491E-11	-5.32465E-05
-9.00000E+01	-8.99230E+01	1.00000E+03	7.85063E+05	1.67523E+01	-1.50747E+06	3.37046E+01	1.05577E-10	8.30525E-11	-5.32465E-05
-9.00000E+01	-8.99230E+01	1.00000E+04	2.62777E+04	1.74516E+00	-2.47888E+05	1.60000E+00	6.42043E-11	6.34909E-11	-5.32465E-05
-1.00000E+02	-9.99324E+01	5.00000E+02	1.45669E+06	2.73027E+02	-2.33901E+06	2.25973E+02	1.36088E-10	9.80558E-11	-5.69602E-05
-1.00000E+02	-9.99324E+01	1.00000E+03	7.68905E+05	3.15303E+01	-1.54783E+06	2.05913E+01	1.02824E-10	8.24724E-11	-5.69602E-05
-1.00000E+02	-9.99324E+01	1.00000E+04	2.53667E+04	6.71118E-01	-2.48081E+05	4.89898E-01	6.41545E-11	6.34907E-11	-5.69602E-05
-1.10000E+02	-1.09938E+02	5.00000E+02	1.45419E+06	2.86817E+02	-2.42498E+06	2.59800E+02	1.31263E-10	9.65448E-11	-6.05408E-05
-1.10000E+02	-1.09938E+02	1.00000E+03	7.53956E+05	2.17862E+01	-1.58477E+06	4.04969E+01	1.00428E-10	8.18923E-11	-6.05408E-05
-1.10000E+02	-1.09938E+02	1.00000E+04	2.45224E+04	9.68297E-01	-2.48265E+05	8.00000E-01	6.41070E-11	6.34876E-11	-6.05408E-05
-1.20000E+02	-1.19926E+02	5.00000E+02	1.45116E+06	3.48574E+02	-2.50532E+06	3.08701E+02	1.27054E-10	9.51351E-11	-6.40538E-05
-1.20000E+02	-1.19926E+02	1.00000E+03	7.40165E+05	2.89095E+01	-1.61890E+06	2.87054E+01	9.83108E-11	8.13134E-11	-6.40538E-05
-1.20000E+02	-1.19926E+02	1.00000E+04	2.37388E+04	9.89141E-01	-2.48440E+05	6.32456E-01	6.40617E-11	6.34821E-11	-6.40538E-05
-1.30000E+02	-1.29934E+02	5.00000E+02	1.44817E+06	2.33803E+02	-2.57993E+06	2.00260E+02	1.23379E-10	9.38187E-11	-6.74888E-05
-1.30000E+02	-1.29934E+02	1.00000E+03	7.27224E+05	2.27420E+01	-1.65053E+06	2.60768E+01	9.64266E-11	8.07506E-11	-6.74888E-05
-1.30000E+02	-1.29934E+02	1.00000E+04	2.30030E+04	2.65330E-01	-2.48608E+05	4.89898E-01	6.40185E-11	6.34751E-11	-6.74888E-05
-1.40000E+02	-1.39941E+02	5.00000E+02	1.44511E+06	2.66188E+02	-2.64919E+06	2.78783E+02	1.20154E-10	9.25996E-11	-7.08810E-05
-1.40000E+02	-1.39941E+02	1.00000E+03	7.15259E+05	3.11897E+01	-1.67988E+06	2.92575E+01	9.47420E-11	8.02022E-11	-7.08810E-05
-1.40000E+02	-1.39941E+02	1.00000E+04	2.23151E+04	1.10743E+00	-2.48767E+05	1.49666E+00	6.39774E-11	6.34667E-11	-7.08810E-05
-1.50000E+02	-1.49932E+02	5.00000E+02	1.44279E+06	2.30877E+02	-2.71430E+06	2.89386E+02	1.17271E-10	9.14364E-11	-7.42149E-05
-1.50000E+02	-1.49932E+02	1.00000E+03	7.04061E+05	4.11096E+01	-1.70721E+06	1.41421E+01	9.32252E-11	7.96744E-11	-7.42149E-05
-1.50000E+02	-1.49932E+02	1.00000E+04	2.16725E+04	9.37230E-01	-2.48920E+05	1.32665E+00	6.39382E-11	6.34572E-11	-7.42149E-05
-1.60000E+02	-1.59940E+02	5.00000E+02	1.44028E+06	2.34350E+02	-2.77555E+06	3.12704E+02	1.14683E-10	9.03535E-11	-7.75285E-05
-1.60000E+02	-1.59940E+02	1.00000E+03	6.93607E+05	5.09407E+01	-1.73282E+06	3.84708E+01	9.18474E-11	7.91637E-11	-7.75285E-05
-1.60000E+02	-1.59940E+02	1.00000E+04	2.10659E+04	1.68404E+00	-2.49065E+05	1.16619E+00	6.39009E-11	6.34470E-11	-7.75285E-05
-1.70000E+02	-1.69951E+02	5.00000E+02	1.43799E+06	2.45878E+02	-2.83226E+06	2.36186E+02	1.12387E-10	8.93537E-11	-8.08241E-05
-1.70000E+02	-1.69951E+02	1.00000E+03	6.83833E+05	2.52618E+01	-1.75679E+06	3.82623E+01	9.05944E-11	7.86739E-11	-8.08241E-05
-1.70000E+02	-1.69951E+02	1.00000E+04	2.04927E+04	9.74474E-01	-2.49205E+05	4.89898E-01	6.38650E-11	6.34360E-11	-8.08241E-05
-1.80000E+02	-1.79941E+02	5.00000E+02	1.43643E+06	2.63469E+02	-2.88658E+06	1.90053E+02	1.10272E-10	8.83855E-11	-8.40522E-05
-1.80000E+02	-1.79941E+02	1.00000E+03	6.74784E+05	1.63046E+01	-1.77952E+06	2.71293E+01	8.94369E-11	7.81936E-11	-8.40522E-05
-1.80000E+02	-1.79941E+02	1.00000E+04	1.99479E+04	1.54609E+00	-2.49343E+05	1.35647E+00	6.38298E-11	6.34239E-11	-8.40522E-05
-1.90000E+02	-1.89946E+02	5.00000E+02	1.43472E+06	2.94306E+02	-2.93746E+06	3.89184E+02	1.08362E-10	8.74908E-11	-8.72929E-05
-1.90000E+02	-1.89946E+02	1.00000E+03	6.66279E+05	4.49106E+01	-1.80091E+06	2.63818E+01	8.83746E-11	7.77346E-11	-8.72929E-05
-1.90000E+02	-1.89946E+02	1.00000E+04	1.94292E+04	1.12712E+00	-2.49474E+05	1.09545E+00	6.37962E-11	6.34116E-11	-8.72929E-05
-2.00000E+02	-1.99954E+02	5.00000E+02	1.43347E+06	4.38798E+02	-2.98557E+06	3.81859E+02	1.06616E-10	8.66425E-11	-9.05180E-05
-2.00000E+02	-1.99954E+02	1.00000E+03	6.58396E+05	2.56250E+01	-1.82113E+06	5.38145E+01	8.73936E-11	7.72912E-11	-9.05180E-05
-2.00000E+02	-1.99954E+02	1.00000E+04	1.89394E+04	5.87878E-01	-2.49601E+05	7.48331E-01	6.37638E-11	6.33988E-11	-9.05180E-05
-2.10000E+02	-2.09943E+02	5.00000E+02	1.43263E+06	2.43097E+02	-3.03111E+06	3.60522E+02	1.05014E-10	8.58387E-11	-9.37788E-05
-2.10000E+02	-2.09943E+02	1.00000E+03	6.50966E+05	4.71483E+01	-1.84034E+06	3.76298E+01	8.64814E-11	7.68642E-11	-9.37788E-05
-2.10000E+02	-2.09943E+02	1.00000E+04	1.84680E+04	9.22171E-01	-2.49723E+05	8.00000E-01	6.37325E-11	6.33858E-11	-9.37788E-05
-2.20000E+02	-2.19953E+02	5.00000E+02	1.43211E+06	4.60365E+02	-3.07475E+06	2.24446E+02	1.03524E-10	8.50691E-11	-9.71070E-05
-2.20000E+02	-2.19953E+02	1.00000E+03	6.43967E+05	1.80820E+01	-1.85875E+06	5.49909E+01	8.56249E-11	7.64488E-11	-9.71070E-05
-2.20000E+02	-2.19953E+02	1.00000E+04	1.80170E+04	1.62284E+00	-2.49842E+05	8.94427E-01	6.37022E-11	6.33727E-11	-9.71070E-05
-2.30000E+02	-2.29959E+02	5.00000E+02	1.43106E+06	7.93887E+02	-3.11607E+06	3.34760E+02	1.02151E-10	8.43588E-11	-1.00846E-04
-2.30000E+02	-2.29959E+02	1.00000E+03	6.37428E+05	2.03509E+01	-1.87629E+06	6.03324E+01	8.48243E-11	7.60473E-11	-1.00846E-04
-2.30000E+02	-2.29959E+02	1.00000E+04	1.75828E+04	6.73498E-01	-2.49956E+05	9.79796E-01	6.36731E-11	6.33596E-11	-1.00846E-04
-2.40000E+02	-2.36840E+02	5.00000E+02	1.43085E+06	4.05887E+02	-3.15496E+06	5.69996E+02	1.00892E-10	8.36802E-11	-1.29053E-04
-2.40000E+02	-2.36840E+02	1.00000E+03	6.31313E+05	1.53728E+02	-1.89311E+06	4.36348E+01	8.40708E-11	7.56571E-11	-1.29053E-04
-2.40000E+02	-2.36840E+02	1.00000E+04	1.71599E+04	7.16659E-01	-2.50064E+05	1.16619E+00	6.36456E-11	6.33473E-11	-1.29053E-04
-2.50000E+02	-2.49945E+02	5.00000E+02	1.43270E+06	3.28475E+02	-3.19267E+06	2.83450E+02	9.97001E-11	8.29884E-11	-1.05822E-04
-2.50000E+02	-2.49945E+02	1.00000E+03	6.25662E+05	3.50805E+01	-1.90924E+06	4.11825E+01	8.33605E-11	7.52766E-11	-1.05822E-04
-2.50000E+02	-2.49945E+02	1.00000E+04	1.67570E+04	7.31027E-01	-2.50173E+05	1.32665E+00	6.36179E-11	6.33338E-11	-1.05822E-04
-2.60000E+02	-2.59955E+02	5.00000E+02	1.43349E+06	2.91177E+02	-3.22890E+06	4.29353E+02	9.85814E-11	8.23505E-11	-1.08900E-04
-2.60000E+02	-2.59955E+02	1.00000E+03	6.20234E+05	8.86341E+00	-1.92472E+06	5.70614E+01	8.26898E-11	7.49109E-11	-1.08900E-04
-2.60000E+02	-2.59955E+02	1.00000E+04	1.63680E+04	9.35094E-01	-2.50279E+05	8.00000E-01	6.35911E-11	6.33203E-11	-1.08900E-04
-2.70000E+02	-2.69940E+02	5.00000E+02	1.43461E+06	3.25540E+02	-3.26313E+06	2.06262E+02	9.75475E-11	8.17470E-11	-1.11955E-04
-2.70000E+02	-2.69940E+02	1.00000E+03	6.15228E+05	3.15443E+01	-1.93947E+06	5.08331E+01	8.20609E-11	7.45585E-11	-1.11955E-04
-2.70000E+02	-2.69940E+02	1.00000E+04	1.60010E+04	1.68095E+00	-2.50379E+05	4.92341E+00	6.35655E-11	6.33070E-11	-1.11955E-04
-2.80000E+02	-2.79947E+02	5.00000E+02	1.43600E+06	3.89697E+02	-3.29589E+06	4.09751E+02	9.65778E-11	8.11694E-11	-1.15035E-04
-2.80000E+02	-2.79947E+02	1.00000E+03	6.10442E+05	2.37436E+01	-1.95372E+06	3.91918E+01	8.14624E-11	7.42170E-11	-1.15035E-04
-2.80000E+02	-2.79947E+02	1.00000E+04	1.56405E+04	9.00222E-01	-2.50474E+05	1.01980E+00	6.35416E-11	6.32948E-11	-1.15035E-04
-2.90000E+02	-2.89955E+02	5.00000E+02	1.43759E+06	4.34539E+02	-3.32763E+06	2.49110E+02	9.56567E-11	8.06116E-11	-1.18099E-04
-2.90000E+02	-2.89955E+02	1.00000E+03	6.05994E+05	2.59276E+01	-1.96769E+06	6.24820E+01	8.08843E-11	7.38773E-11	-1.18099E-04
-2.90000E+02	-2.89955E+02	1.00000E+04	1.52858E+04	1.07963E+00	-2.50570E+05	2.72764E+00	6.35173E-11	6.32818E-11	-1.18099E-04
-3.00000E+02	-2.99943E+02	5.00000E+02	1.43948E+06	4.01497E+02	-3.35800E+06	3.67696E+02	9.47915E-11	8.00767E-11	-1.21161E-04
-3.00000E+02	-2.99943E+02	1.00000E+03	6.01757E+05	6.11281E+01	-1.98107E+06	3.00666E+01	8.03377E-11	7.35514E-11	-1.21161E-04
-3.00000E+02	-2.99943E+02	1.00000E+04	1.49441E+04	1.24193E+00	-2.50660E+05	7.48331E-01	6.34944E-11	6.32695E-11	-1.21161E-04
-3.10000E+02	-3.09953E+02	5.00000E+02	1.44184E+06	3.33527E+02	-3.38803E+06	4.05019E+02	9.39513E-11	7.95450E-11	-1.24206E-04
-3.10000E+02	-3.09953E+02	1.00000E+03	5.97823E+05	5.00000E+01	-1.99415E+06	5.00400E+01	7.98108E-11	7.32294E-11	-1.24206E-04
-3.10000E+02	-3.09953E+02	1.00000E+04	1.46119E+04	1.42492E+00	-2.50750E+05	6.32456E-01	6.34716E-11	6.32568E-11	-1.24206E-04
-3.20000E+02	-3.19963E+02	5.00000E+02	1.44422E+06	2.96877E+02	-3.41612E+06	5.43860E+02	9.31787E-11	7.90500E-11	-1.27326E-04
-3.20000E+02	-3.19963E+02	1.00000E+03	5.94135E+05	5.54054E+01	-2.00687E+06	6.32456E+01	7.93051E-11	7.29144E-11	-1.27326E-04
-3.20000E+02	-3.19963E+02	1.00000E+04	1.42840E+04	5.74804E-01	-2.50836E+05	1.93907E+00	6.34498E-11	6.32447E-11	-1.27326E-04
-3.30000E+02	-3.29974E+02	5.00000E+02	1.44706E+06	2.45471E+02	-3.44411E+06	2.83789E+02	9.24215E-11	7.85542E-11	-1.30427E-04
-3.30000E+02	-3.29974E+02	1.00000E+03	5.90736E+05	3.87484E+01	-2.01933E+06	3.00666E+01	7.88156E-11	7.26023E-11	-1.30427E-04
-3.30000E+02	-3.29974E+02	1.00000E+04	1.39604E+04	1.90893E+00	-2.50923E+05	1.83303E+00	6.34278E-11	6.32320E-11	-1.30427E-04
-3.40000E+02	-3.39962E+02	5.00000E+02	1.45019E+06	3.22341E+02	-3.47065E+06	4.21919E+02	9.17147E-11	7.80822E-11	-1.33481E-04
-3.40000E+02	-3.39962E+02	1.00000E+03	5.87427E+05	4.40227E+01	-2.03150E+06	5.53534E+01	7.83434E-11	7.22983E-11	-1.33481E-04
-3.40000E+02	-3.39962E+02	1.00000E+04	1.36432E+04	7.40270E-01	-2.51006E+05	1.16619E+00	6.34068E-11	6.32200E-11	-1.33481E-04
-3.50000E+02	-3.49969E+02	5.00000E+02	1.45350E+06	4.01427E+02	-3.49770E+06	4.36193E+02	9.10056E-11	7.76041E-11	-1.36582E-04
-3.50000E+02	-3.49969E+02	1.00000E+03	5.84340E+05	7.02527E+01	-2.04361E+06	5.09902E+01	7.78793E-11	7.19932E-11	-1.36582E-04
-3.50000E+02	-3.49969E+02	1.00000E+04	1.33286E+04	5.67803E-01	-2.51086E+05	2.03961E+00	6.33867E-11	6.32086E-11	-1.36582E-04
-3.60000E+02	-3.59982E+02	5.00000E+02	1.45689E+06	5.05387E+02	-3.52286E+06	4.20837E+02	9.03554E-11	7.71592E-11	-1.39661E-04
-3.60000E+02	-3.59982E+02	1.00000E+03	5.81509E+05	2.21052E+01	-2.05551E+06	7.60000E+01	7.74285E-11	7.16908E-11	-1.39661E-04
-3.60000E+02	-3.59982E+02	1.00000E+04	1.30215E+04	1.14298E+00	-2.51165E+05	1.01980E+00	6.33666E-11	6.31967E-11	-1.39661E-04
-3.70000E+02	-3.69973E+02	5.00000E+02	1.46087E+06	1.91249E+02	-3.54836E+06	3.02562E+02	8.97061E-11	7.67047E-11	-1.42803E-04
-3.70000E+02	-3.69973E+02	1.00000E+03	5.78833E+05	3.35738E+01	-2.06719E+06	5.62139E+01	7.69910E-11	7.13933E-11	-1.42803E-04
-3.70000E+02	-3.69973E+02	1.00000E+04	1.27177E+04	9.45304E-01	-2.51243E+05	1.16619E+00	6.33470E-11	6.31851E-11	-1.42803E-04
-3.80000E+02	-3.79979E+02	5.00000E+02	1.46512E+06	4.59147E+02	-3.57271E+06	4.90779E+02	8.90949E-11	7.62687E-11	-1.45935E-04
-3.80000E+02	-3.79979E+02	1.00000E+03	5.76413E+05	7.71103E+01	-2.07883E+06	3.28634E+01	7.65599E-11	7.10940E-11	-1.45935E-04
-3.80000E+02	-3.79979E+02	1.00000E+04	1.24137E+04	9.87927E-01	-2.51318E+05	6.32456E-01	6.33281E-11	6.31740E-11	-1.45935E-04
-3.90000E+02	-3.89987E+02	5.00000E+02	1.46940E+06	3.21335E+02	-3.59674E+06	3.72527E+02	8.84996E-11	7.58415E-11	-1.49127E-04
-3.90000E+02	-3.89987E+02	1.00000E+03	5.74207E+05	5.54278E+01	-2.09038E+06	4.58694E+01	7.61367E-11	7.07949E-11	-1.49127E-04
-3.90000E+02	-3.89987E+02	1.00000E+04	1.21147E+04	1.33626E+00	-2.51392E+05	4.89898E-01	6.33094E-11	6.31627E-11	-1.49127E-04
-4.00000E+02	-3.99977E+02	5.00000E+02	1.47458E+06	2.50791E+02	-3.62006E+06	2.63742E+02	8.79295E-11	7.54162E-11	-1.52312E-04
-4.00000E+02	-3.99977E+02	1.00000E+03	5.71973E+05	9.99780E+01	-2.10204E+06	6.85857E+01	7.57147E-11	7.04951E-11	-1.52312E-04
-4.00000E+02	-3.99977E+02	1.00000E+04	1.18161E+04	1.16790E+00	-2.51466E+05	8.00000E-01	6.32909E-11	6.31515E-11	-1.52312E-04
-4.10000E+02	-4.09983E+02	5.00000E+02	1.47970E+06	3.24530E+02	-3.64409E+06	2.56718E+02	8.73495E-11	7.49859E-11	-1.55535E-04
-4.10000E+02	-4.09983E+02	1.00000E+03	5.70054E+05	3.53802E+01	-2.11364E+06	7.49933E+01	7.52991E-11	7.01933E-11	-1.55535E-04
-4.10000E+02	-4.09983E+02	1.00000E+04	1.15239E+04	2.21684E+00	-2.51536E+05	7.48331E-01	6.32732E-11	6.31406E-11	-1.55535E-04
-4.20000E+02	-4.19984E+02	5.00000E+02	1.48512E+06	3.13522E+02	-3.66713E+06	4.05739E+02	8.68007E-11	7.45705E-11	-1.58807E-04
-4.20000E+02	-4.19984E+02	1.00000E+03	5.68070E+05	7.28906E+01	-2.12548E+06	6.55439E+01	7.48795E-11	6.98873E-11	-1.58807E-04
-4.20000E+02	-4.19984E+02	1.00000E+04	1.12277E+04	7.93473E-01	-2.51606E+05	1.78885E+00	6.32556E-11	6.31299E-11	-1.58807E-04
-4.30000E+02	-4.29974E+02	5.00000E+02	1.49051E+06	4.46112E+02	-3.69085E+06	3.87711E+02	8.62430E-11	7.41501E-11	-1.62035E-04
-4.30000E+02	-4.29974E+02	1.00000E+03	5.66189E+05	2.75202E+01	-2.13739E+06	5.42586E+01	7.44621E-11	6.95797E-11	-1.62035E-04
-4.30000E+02	-4.29974E+02	1.00000E+04	1.09345E+04	2.20635E+00	-2.51673E+05	7.48331E-01	6.32388E-11	6.31197E-11	-1.62035E-04
-4.40000E+02	-4.39981E+02	5.00000E+02	1.49690E+06	5.16333E+02	-3.71422E+06	4.75748E+02	8.57004E-11	7.37256E-11	-1.65366E-04
-4.40000E+02	-4.39981E+02	1.00000E+03	5.64316E+05	7.90822E+01	-2.14950E+06	2.48193E+01	7.40428E-11	6.92686E-11	-1.65366E-04
-4.40000E+02	-4.39981E+02	1.00000E+04	1.06431E+04	1.52709E+00	-2.51739E+05	1.16619E+00	6.32222E-11	6.31093E-11	-1.65366E-04
-4.50000E+02	-4.49989E+02	5.00000E+02	1.50299E+06	1.94052E+02	-3.73775E+06	4.24519E+02	8.51609E-11	7.33076E-11	-1.68727E-04
-4.50000E+02	-4.49989E+02	1.00000E+03	5.62269E+05	5.54545E+01	-2.16203E+06	7.11618E+01	7.36138E-11	6.89504E-11	-1.68727E-04
-4.50000E+02	-4.49989E+02	1.00000E+04	1.03489E+04	9.62081E-01	-2.51804E+05	1.09545E+00	6.32059E-11	6.30993E-11	-1.68727E-04
-4.60000E+02	-4.59978E+02	5.00000E+02	1.50959E+06	3.13777E+02	-3.76253E+06	2.36356E+02	8.45999E-11	7.28697E-11	-1.72065E-04
-4.60000E+02	-4.59978E+02	1.00000E+03	5.60101E+05	3.45798E+01	-2.17454E+06	5.70614E+01	7.31901E-11	6.86365E-11	-1.72065E-04
-4.60000E+02	-4.59978E+02	1.00000E+04	1.00608E+04	1.39485E+00	-2.51868E+05	1.01980E+00	6.31899E-11	6.30893E-11	-1.72065E-04
-4.70000E+02	-4.69987E+02	5.00000E+02	1.51641E+06	2.61044E+02	-3.78693E+06	2.99466E+02	8.40549E-11	7.24395E-11	-1.75459E-04
-4.70000E+02	-4.69987E+02	1.00000E+03	5.57744E+05	5.71139E+01	-2.18740E+06	4.31741E+01	7.27600E-11	6.83183E-11	-1.75459E-04
-4.70000E+02	-4.69987E+02	1.00000E+04	9.77208E+03	1.14783E+00	-2.51929E+05	9.79796E-01	6.31745E-11	6.30796E-11	-1.75459E-04
-4.80000E+02	-4.79996E+02	5.00000E+02	1.52272E+06	3.51306E+02	-3.81219E+06	4.51575E+02	8.34979E-11	7.20090E-11	-1.78908E-04
-4.80000E+02	-4.79996E+02	1.00000E+03	5.55106E+05	3.35595E+01	-2.20030E+06	4.99600E+01	7.23334E-11	6.80049E-11	-1.78908E-04
-4.80000E+02	-4.79996E+02	1.00000E+04	9.49083E+03	1.45362E+00	-2.51988E+05	1.46969E+00	6.31598E-11	6.30703E-11	-1.78908E-04
-4.90000E+02	-4.89981E+02	5.00000E+02	1.52970E+06	5.00456E+02	-3.83783E+06	6.03238E+02	8.29400E-11	7.15698E-11	-1.82392E-04
-4.90000E+02	-4.89981E+02	1.00000E+03	5.52227E+05	8.48589E+01	-2.21337E+06	2.05913E+01	7.19060E-11	6.76923E-11	-1.82392E-04
-4.90000E+02	-4.89981E+02	1.00000E+04	9.21185E+03	1.48821E+00	-2.52047E+05	1.16619E+00	6.31449E-11	6.30607E-11	-1.82392E-04
-5.00000E+02	-4.99990E+02	5.00000E+02	1.53567E+06	4.47321E+02	-3.86388E+06	2.68075E+02	8.23810E-11	7.11432E-11	-1.85934E-04
-5.00000E+02	-4.99990E+02	1.00000E+03	5.48859E+05	5.37498E+01	-2.22641E+06	3.91918E+01	7.14849E-11	6.73895E-11	-1.85934E-04
-5.00000E+02	-4.99990E+02	1.00000E+04	8.93808E+03	1.48855E+00	-2.52103E+05	4.89898E-01	6.31310E-11	6.30518E-11	-1.85934E-04
-5.10000E+02	-5.09998E+02	5.00000E+02	1.54179E+06	4.00250E+02	-3.89122E+06	4.67273E+02	8.18020E-11	7.07023E-11	-1.89525E-04
-5.10000E+02	-5.09998E+02	1.00000E+03	5.45220E+05	7.65794E+01	-2.23956E+06	6.58483E+01	7.10653E-11	6.70891E-11	-1.89525E-04
-5.10000E+02	-5.09998E+02	1.00000E+04	8.67058E+03	1.33702E+00	-2.52157E+05	9.79796E-01	6.31174E-11	6.30428E-11	-1.89525E-04
-5.20000E+02	-5.19988E+02	5.00000E+02	1.54686E+06	4.31296E+02	-3.91837E+06	4.71992E+02	8.12353E-11	7.02822E-11	-1.93111E-04
-5.20000E+02	-5.19988E+02	1.00000E+03	5.41018E+05	7.54225E+01	-2.25242E+06	1.29399E+02	7.06597E-11	6.68054E-11	-1.93111E-04
-5.20000E+02	-5.19988E+02	1.00000E+04	8.41252E+03	1.13062E+00	-2.52209E+05	1.72047E+00	6.31044E-11	6.30343E-11	-1.93111E-04
-5.30000E+02	-5.29994E+02	5.00000E+02	1.55123E+06	5.00056E+02	-3.94642E+06	4.00030E+02	8.06578E-11	6.98635E-11	-1.96706E-04
-5.30000E+02	-5.29994E+02	1.00000E+03	5.36598E+05	5.73153E+01	-2.26511E+06	6.15142E+01	7.02635E-11	6.65299E-11	-1.96706E-04
-5.30000E+02	-5.29994E+02	1.00000E+04	8.16414E+03	8.97307E-01	-2.52257E+05	1.01980E+00	6.30923E-11	6.30263E-11	-1.96706E-04
-5.40000E+02	-5.40002E+02	5.00000E+02	1.55499E+06	5.49087E+02	-3.97386E+06	4.22866E+02	8.01009E-11	6.94645E-11	-2.00397E-04
-5.40000E+02	-5.40002E+02	1.00000E+03	5.31952E+05	4.03703E+01	-2.27733E+06	5.34416E+01	6.98866E-11	6.62707E-11	-2.00397E-04
-5.40000E+02	-5.40002E+02	1.00000E+04	7.92581E+03	1.47521E+00	-2.52305E+05	8.00000E-01	6.30803E-11	6.30181E-11	-2.00397E-04
-5.50000E+02	-5.49990E+02	5.00000E+02	1.55799E+06	5.01143E+02	-4.00135E+06	5.40999E+02	7.95506E-11	6.90779E-11	-2.04090E-04
-5.50000E+02	-5.49990E+02	1.00000E+03	5.27080E+05	4.01368E+01	-2.28899E+06	6.88767E+01	6.95305E-11	6.60294E-11	-2.04090E-04
-5.50000E+02	-5.49990E+02	1.00000E+04	7.69996E+03	1.26040E+00	-2.52348E+05	1.72047E+00	6.30696E-11	6.30109E-11	-2.04090E-04
-5.60000E+02	-5.59998E+02	5.00000E+02	1.56044E+06	4.49471E+02	-4.02858E+06	5.47891E+02	7.90128E-11	6.87048E-11	-2.07845E-04
-5.60000E+02	-5.59998E+02	1.00000E+03	5.21918E+05	6.07730E+01	-2.30013E+06	4.22374E+01	6.91938E-11	6.58056E-11	-2.07845E-04
-5.60000E+02	-5.59998E+02	1.00000E+04	7.48945E+03	6.13984E-01	-2.52390E+05	1.35647E+00	6.30592E-11	6.30038E-11	-2.07845E-04
-5.70000E+02	-5.70000E+02	5.00000E+02	1.56202E+06	4.24471E+02	-4.05498E+06	4.26783E+02	7.84986E-11	6.83555E-11	-2.11653E-04
-5.70000E+02	-5.70000E+02	1.00000E+03	5.16760E+05	5.74679E+01	-2.31063E+06	6.82935E+01	6.88796E-11	6.55985E-11	-2.11653E-04
-5.70000E+02	-5.70000E+02	1.00000E+04	7.29047E+03	1.97816E+00	-2.52430E+05	1.16619E+00	6.30492E-11	6.29966E-11	-2.11653E-04
-5.80000E+02	-5.79988E+02	5.00000E+02	1.56281E+06	5.05173E+02	-4.08029E+06	4.31342E+02	7.80115E-11	6.80314E-11	-2.15498E-04
-5.80000E+02	-5.79988E+02	1.00000E+03	5.11581E+05	8.03353E+01	-2.32047E+06	1.60300E+02	6.85874E-11	6.54083E-11	-2.15498E-04
-5.80000E+02	-5.79988E+02	1.00000E+04	7.10768E+03	1.77170E+00	-2.52465E+05	1.41421E+00	6.30404E-11	6.29905E-11	-2.15498E-04
-5.90000E+02	-5.89996E+02	5.00000E+02	1.56253E+06	7.80477E+02	-4.10512E+06	5.07425E+02	7.75397E-11	6.77275E-11	-2.19342E-04
-5.90000E+02	-5.89996E+02	1.00000E+03	5.06474E+05	1.27806E+02	-2.32969E+06	1.04115E+02	6.83159E-11	6.52329E-11	-2.19342E-04
-5.90000E+02	-5.89996E+02	1.00000E+04	6.93397E+03	1.95448E+00	-2.52498E+05	2.72764E+00	6.30323E-11	6.29848E-11	-2.19342E-04
-6.00000E+02	-6.00002E+02	5.00000E+02	1.56270E+06	1.62653E+02	-4.12858E+06	3.57849E+02	7.70991E-11	6.74374E-11	-2.23354E-04
-6.00000E+02	-6.00002E+02	1.00000E+03	5.01596E+05	8.51765E+01	-2.33810E+06	6.09918E+01	6.80702E-11	6.50752E-11	-2.23354E-04
-6.00000E+02	-6.00002E+02	1.00000E+04	6.77444E+03	1.65587E+00	-2.52529E+05	2.13542E+00	6.30245E-11	6.29791E-11	-2.23354E-04
-6.10000E+02	-6.09992E+02	5.00000E+02	1.56225E+06	5.33082E+02	-4.15047E+06	3.11063E+02	7.66925E-11	6.71751E-11	-2.27455E-04
-6.10000E+02	-6.09992E+02	1.00000E+03	4.96835E+05	4.28812E+01	-2.34607E+06	8.08455E+01	6.78390E-11	6.49272E-11	-2.27455E-04
-6.10000E+02	-6.09992E+02	1.00000E+04	6.62608E+03	1.43842E+00	-2.52556E+05	2.05913E+00	6.30178E-11	6.29744E-11	-2.27455E-04
-6.20000E+02	-6.19999E+02	5.00000E+02	1.56122E+06	5.82251E+02	-4.17168E+06	5.92857E+02	7.63026E-11	6.69287E-11	-2.31634E-04
-6.20000E+02	-6.19999E+02	1.00000E+03	4.92238E+05	7.66535E+01	-2.35335E+06	7.83326E+01	6.76290E-11	6.47943E-11	-2.31634E-04
-6.20000E+02	-6.19999E+02	1.00000E+04	6.49180E+03	6.71136E-01	-2.52582E+05	1.62481E+00	6.30111E-11	6.29695E-11	-2.31634E-04
-6.30000E+02	-6.30009E+02	5.00000E+02	1.56063E+06	2.99573E+02	-4.19174E+06	6.73587E+02	7.59374E-11	6.66927E-11	-2.35829E-04
-6.30000E+02	-6.30009E+02	1.00000E+03	4.88002E+05	5.49422E+01	-2.36002E+06	1.16516E+02	6.74380E-11	6.46728E-11	-2.35829E-04
-6.30000E+02	-6.30009E+02	1.00000E+04	6.36467E+03	3.12059E+00	-2.52607E+05	2.60768E+00	6.30050E-11	6.29650E-11	-2.35829E-04
-6.40000E+02	-6.40016E+02	5.00000E+02	1.55979E+06	3.56292E+02	-4.20977E+06	3.24654E+02	7.56122E-11	6.64849E-11	-2.40084E-04
-6.40000E+02	-6.40016E+02	1.00000E+03	4.83975E+05	4.04247E+01	-2.36628E+06	6.57267E+01	6.72596E-11	6.45589E-11	-2.40084E-04
-6.40000E+02	-6.40016E+02	1.00000E+04	6.25150E+03	3.13438E+00	-2.52627E+05	1.62481E+00	6.29999E-11	6.29613E-11	-2.40084E-04
-6.50000E+02	-6.50004E+02	5.00000E+02	1.55906E+06	7.15022E+02	-4.22680E+06	4.81016E+02	7.53076E-11	6.62889E-11	-2.44368E-04
-6.50000E+02	-6.50004E+02	1.00000E+03	4.80277E+05	7.99335E+01	-2.37178E+06	7.87401E+01	6.71036E-11	6.44604E-11	-2.44368E-04
-6.50000E+02	-6.50004E+02	1.00000E+04	6.14335E+03	1.73794E+00	-2.52649E+05	1.60000E+00	6.29945E-11	6.29573E-11	-2.44368E-04
-6.60000E+02	-6.60011E+02	5.00000E+02	1.55888E+06	5.56324E+02	-4.24240E+06	7.15777E+02	7.50306E-11	6.61050E-11	-2.48771E-04
-6.60000E+02	-6.60011E+02	1.00000E+03	4.76833E+05	3.01901E+01	-2.37697E+06	4.40908E+01	6.69570E-11	6.43667E-11	-2.48771E-04
-6.60000E+02	-6.60011E+02	1.00000E+04	6.04957E+03	3.02848E+00	-2.52668E+05	3.37046E+00	6.29897E-11	6.29536E-11	-2.48771E-04
-6.70000E+02	-6.70019E+02	5.00000E+02	1.55827E+06	4.91431E+02	-4.25689E+06	5.20753E+02	7.47751E-11	6.59394E-11	-2.53270E-04
-6.70000E+02	-6.70019E+02	1.00000E+03	4.73869E+05	1.19592E+02	-2.38168E+06	5.85150E+01	6.68245E-11	6.42799E-11	-2.53270E-04
-6.70000E+02	-6.70019E+02	1.00000E+04	5.96176E+03	2.17331E+00	-2.52688E+05	1.62481E+00	6.29847E-11	6.29496E-11	-2.53270E-04
-6.80000E+02	-6.80006E+02	5.00000E+02	1.55813E+06	4.46004E+02	-4.27008E+06	3.85310E+02	7.45442E-11	6.57850E-11	-2.57592E-04
-6.80000E+02	-6.80006E+02	1.00000E+03	4.71115E+05	4.51575E+01	-2.38607E+06	6.91086E+01	6.67018E-11	6.41990E-11	-2.57592E-04
-6.80000E+02	-6.80006E+02	1.00000E+04	5.88176E+03	3.13052E+00	-2.52707E+05	2.24499E+00	6.29801E-11	6.29460E-11	-2.57592E-04
-6.90000E+02	-6.90013E+02	5.00000E+02	1.55934E+06	3.67119E+02	-4.28216E+06	3.52159E+02	7.43339E-11	6.56310E-11	-2.62188E-04
-6.90000E+02	-6.90013E+02	1.00000E+03	4.68763E+05	9.77302E+01	-2.38999E+06	7.19444E+01	6.65924E-11	6.41255E-11	-2.62188E-04
-6.90000E+02	-6.90013E+02	1.00000E+04	5.80679E+03	2.80280E+00	-2.52726E+05	2.65330E+00	6.29752E-11	6.29420E-11	-2.62188E-04
-7.00000E+02	-7.00019E+02	5.00000E+02	1.56051E+06	3.11153E+02	-4.29276E+06	5.02530E+02	7.41504E-11	6.54954E-11	-2.66744E-04
-7.00000E+02	-7.00019E+02	1.00000E+03	4.66834E+05	7.56227E+01	-2.39348E+06	1.16893E+02	6.64953E-11	6.40584E-11	-2.66744E-04
-7.00000E+02	-7.00019E+02	1.00000E+04	5.74316E+03	2.14290E+00	-2.52740E+05	3.13688E+00	6.29717E-11	6.29392E-11	-2.66744E-04
-7.10000E+02	-7.10007E+02	5.00000E+02	1.56242E+06	8.55930E+02	-4.30206E+06	2.26716E+02	7.39901E-11	6.53681E-11	-2.71299E-04
-7.10000E+02	-7.10007E+02	1.00000E+03	4.65192E+05	7.04630E+01	-2.39668E+06	7.87401E+01	6.64064E-11	6.39954E-11	-2.71299E-04
-7.10000E+02	-7.10007E+02	1.00000E+04	5.68618E+03	1.83713E+00	-2.52755E+05	2.28035E+00	6.29681E-11	6.29362E-11	-2.71299E-04
-7.20000E+02	-7.20007E+02	5.00000E+02	1.56440E+06	4.09409E+02	-4.31101E+06	4.37054E+02	7.38365E-11	6.52448E-11	-2.75804E-04
-7.20000E+02	-7.20007E+02	1.00000E+03	4.63805E+05	6.73754E+01	-2.39966E+06	9.02441E+01	6.63238E-11	6.39354E-11	-2.75804E-04
-7.20000E+02	-7.20007E+02	1.00000E+04	5.63401E+03	2.23342E+00	-2.52772E+05	2.22711E+00	6.29638E-11	6.29325E-11	-2.75804E-04
-7.30000E+02	-7.30015E+02	5.00000E+02	1.56726E+06	4.32204E+02	-4.31758E+06	6.87122E+02	7.37242E-11	6.51409E-11	-2.80385E-04
-7.30000E+02	-7.30015E+02	1.00000E+03	4.63004E+05	1.95346E+01	-2.40229E+06	8.37616E+01	6.62514E-11	6.38785E-11	-2.80385E-04
-7.30000E+02	-7.30015E+02	1.00000E+04	5.58562E+03	1.84200E+00	-2.52786E+05	2.41661E+00	6.29604E-11	6.29297E-11	-2.80385E-04
-7.40000E+02	-7.40000E+02	5.00000E+02	1.57077E+06	4.70617E+02	-4.32335E+06	6.58920E+02	7.36257E-11	6.50402E-11	-2.85008E-04
-7.40000E+02	-7.40000E+02	1.00000E+03	4.62392E+05	8.27937E+01	-2.40465E+06	9.93982E+01	6.61863E-11	6.38263E-11	-2.85008E-04
-7.40000E+02	-7.40000E+02	1.00000E+04	5.54443E+03	2.71430E+00	-2.52799E+05	1.46969E+00	6.29571E-11	6.29268E-11	-2.85008E-04
-7.50000E+02	-7.50007E+02	5.00000E+02	1.57509E+06	2.43261E+02	-4.32891E+06	4.99215E+02	7.35312E-11	6.49346E-11	-2.89715E-04
-7.50000E+02	-7.50007E+02	1.00000E+03	4.62092E+05	1.13251E+02	-2.40675E+06	8.59302E+01	6.61285E-11	6.37774E-11	-2.89715E-04
-7.50000E+02	-7.50007E+02	1.00000E+04	5.51265E+03	1.39411E+00	-2.52813E+05	2.24499E+00	6.29535E-11	6.29236E-11	-2.89715E-04
-7.60000E+02	-7.60015E+02	5.00000E+02	1.58008E+06	6.81017E+02	-4.33273E+06	2.94116E+02	7.34664E-11	6.48427E-11	-2.94414E-04
-7.60000E+02	-7.60015E+02	1.00000E+03	4.62323E+05	8.80963E+01	-2.40848E+06	3.20000E+01	6.60812E-11	6.37328E-11	-2.94414E-04
-7.60000E+02	-7.60015E+02	1.00000E+04	5.48201E+03	2.71863E+00	-2.52828E+05	2.80000E+00	6.29498E-11	6.29202E-11	-2.94414E-04
-7.70000E+02	-7.70001E+02	5.00000E+02	1.58541E+06	6.23262E+02	-4.33541E+06	7.37281E+02	7.34209E-11	6.47606E-11	-2.99174E-04
-7.70000E+02	-7.70001E+02	1.00000E+03	4.62704E+05	5.99219E+01	-2.41012E+06	3.97995E+01	6.60360E-11	6.36886E-11	-2.99174E-04
-7.70000E+02	-7.70001E+02	1.00000E+04	5.45675E+03	8.44194E-01	-2.52840E+05	1.72047E+00	6.29469E-11	6.29175E-11	-2.99174E-04
-7.80000E+02	-7.80010E+02	5.00000E+02	1.59242E+06	5.63347E+02	-4.33721E+06	3.32301E+02	7.33904E-11	6.46725E-11	-3.03996E-04
-7.80000E+02	-7.80010E+02	1.00000E+03	4.63631E+05	5.96791E+01	-2.41142E+06	8.61162E+01	6.60005E-11	6.36477E-11	-3.03996E-04
-7.80000E+02	-7.80010E+02	1.00000E+04	5.44035E+03	2.00968E+00	-2.52852E+05	1.01980E+00	6.29438E-11	6.29147E-11	-3.03996E-04
-7.90000E+02	-7.90016E+02	5.00000E+02	1.59972E+06	4.82800E+02	-4.33739E+06	5.87176E+02	7.33874E-11	6.45999E-11	-3.08852E-04
-7.90000E+02	-7.90016E+02	1.00000E+03	4.64889E+05	1.32409E+02	-2.41263E+06	5.09902E+01	6.59674E-11	6.36058E-11	-3.08852E-04
-7.90000E+02	-7.90016E+02	1.00000E+04	5.42746E+03	8.52080E-01	-2.52866E+05	2.22711E+00	6.29405E-11	6.29115E-11	-3.08852E-04
-8.00000E+02	-8.00003E+02	5.00000E+02	1.60768E+06	7.13852E+02	-4.33716E+06	5.69470E+02	7.33914E-11	6.45255E-11	-3.13692E-04
-8.00000E+02	-8.00003E+02	1.00000E+03	4.66385E+05	1.15701E+02	-2.41347E+06	1.17201E+02	6.59444E-11	6.35705E-11	-3.13692E-04
-8.00000E+02	-8.00003E+02	1.00000E+04	5.42026E+03	3.20662E-01	-2.52875E+05	2.28035E+00	6.29382E-11	6.29093E-11	-3.13692E-04
-8.10000E+02	-8.10009E+02	5.00000E+02	1.61685E+06	6.27522E+02	-4.33560E+06	6.61495E+02	7.34177E-11	6.44540E-11	-3.18598E-04
-8.10000E+02	-8.10009E+02	1.00000E+03	4.68269E+05	1.29452E+02	-2.41419E+06	7.42967E+01	6.59248E-11	6.35344E-11	-3.18598E-04
-8.10000E+02	-8.10009E+02	1.00000E+04	5.41839E+03	9.78027E-01	-2.52888E+05	2.05913E+00	6.29351E-11	6.29062E-11	-3.18598E-04
-8.20000E+02	-8.20017E+02	5.00000E+02	1.62671E+06	3.64286E+02	-4.33306E+06	3.33011E+02	7.34608E-11	6.43863E-11	-3.23544E-04
-8.20000E+02	-8.20017E+02	1.00000E+03	4.70516E+05	9.93994E+01	-2.41475E+06	8.28010E+01	6.59094E-11	6.34986E-11	-3.23544E-04
-8.20000E+02	-8.20017E+02	1.00000E+04	5.41947E+03	8.38966E-01	-2.52899E+05	1.49666E+00	6.29321E-11	6.29032E-11	-3.23544E-04
-8.30000E+02	-8.30007E+02	5.00000E+02	1.63809E+06	4.51238E+02	-4.32931E+06	6.38110E+02	7.35243E-11	6.43164E-11	-3.28613E-04
-8.30000E+02	-8.30007E+02	1.00000E+03	4.73236E+05	1.93872E+02	-2.41510E+06	7.65768E+01	6.59000E-11	6.34633E-11	-3.28613E-04
-8.30000E+02	-8.30007E+02	1.00000E+04	5.42586E+03	1.26191E+00	-2.52910E+05	2.05913E+00	6.29294E-11	6.29004E-11	-3.28613E-04
-8.40000E+02	-8.40008E+02	5.00000E+02	1.65015E+06	4.16509E+02	-4.32481E+06	4.71126E+02	7.36009E-11	6.42475E-11	-3.33828E-04
-8.40000E+02	-8.40008E+02	1.00000E+03	4.76359E+05	1.17473E+02	-2.41510E+06	6.55439E+01	6.58999E-11	6.34321E-11	-3.33828E-04
-8.40000E+02	-8.40008E+02	1.00000E+04	5.43910E+03	1.60647E+00	-2.52920E+05	1.35647E+00	6.29269E-11	6.28978E-11	-3.33828E-04
-8.50000E+02	-8.50011E+02	5.00000E+02	1.66224E+06	5.04761E+02	-4.31881E+06	6.02349E+02	7.37031E-11	6.41938E-11	-3.39133E-04
-8.50000E+02	-8.50011E+02	1.00000E+03	4.79606E+05	4.94473E+01	-2.41499E+06	7.29383E+01	6.59029E-11	6.34023E-11	-3.39133E-04
-8.50000E+02	-8.50011E+02	1.00000E+04	5.45496E+03	2.14630E+00	-2.52931E+05	1.67332E+00	6.29243E-11	6.28950E-11	-3.39133E-04
-8.60000E+02	-8.59995E+02	5.00000E+02	1.67613E+06	5.84486E+02	-4.31231E+06	6.16649E+02	7.38142E-11	6.41262E-11	-3.44399E-04
-8.60000E+02	-8.59995E+02	1.00000E+03	4.83503E+05	6.33896E+01	-2.41467E+06	9.57914E+01	6.59116E-11	6.33708E-11	-3.44399E-04
-8.60000E+02	-8.59995E+02	1.00000E+04	5.47646E+03	1.09918E+00	-2.52940E+05	1.62481E+00	6.29221E-11	6.28926E-11	-3.44399E-04
-8.70000E+02	-8.69995E+02	5.00000E+02	1.69060E+06	5.30600E+02	-4.30408E+06	4.30163E+02	7.39554E-11	6.40703E-11	-3.49899E-04
-8.70000E+02	-8.69995E+02	1.00000E+03	4.87489E+05	1.03586E+02	-2.41422E+06	9.52890E+01	6.59240E-11	6.33413E-11	-3.49899E-04
-8.70000E+02	-8.69995E+02	1.00000E+04	5.50086E+03	9.53239E-01	-2.52950E+05	1.85472E+00	6.29196E-11	6.28899E-11	-3.49899E-04
-8.80000E+02	-8.79996E+02	5.00000E+02	1.70599E+06	3.43045E+02	-4.29554E+06	6.43105E+02	7.41023E-11	6.40065E-11	-3.55242E-04
-8.80000E+02	-8.79996E+02	1.00000E+03	4.92015E+05	1.06144E+02	-2.41363E+06	1.10923E+02	6.59402E-11	6.33094E-11	-3.55242E-04
-8.80000E+02	-8.79996E+02	1.00000E+04	5.53020E+03	8.99102E-01	-2.52958E+05	6.32456E-01	6.29175E-11	6.28875E-11	-3.55242E-04
-8.90000E+02	-8.89981E+02	5.00000E+02	1.72233E+06	4.58406E+02	-4.28499E+06	3.93223E+02	7.42848E-11	6.39527E-11	-3.60877E-04
-8.90000E+02	-8.89981E+02	1.00000E+03	4.96908E+05	6.11326E+01	-2.41276E+06	7.02567E+01	6.59638E-11	6.32798E-11	-3.60877E-04
-8.90000E+02	-8.89981E+02	1.00000E+04	5.56440E+03	1.11505E+00	-2.52966E+05	1.46969E+00	6.29155E-11	6.28851E-11	-3.60877E-04
-9.00000E+02	-8.99983E+02	5.00000E+02	1.73975E+06	5.28220E+02	-4.27462E+06	3.51875E+02	7.44651E-11	6.38831E-11	-3.66603E-04
-9.00000E+02	-8.99983E+02	1.00000E+03	5.02176E+05	1.21384E+02	-2.41166E+06	1.97322E+02	6.59940E-11	6.32515E-11	-3.66603E-04
-9.00000E+02	-8.99983E+02	1.00000E+04	5.60327E+03	2.15310E+00	-2.52976E+05	1.32665E+00	6.29130E-11	6.28822E-11	-3.66603E-04
-9.10000E+02	-9.09988E+02	5.00000E+02	1.75816E+06	3.14871E+02	-4.26118E+06	8.18770E+02	7.47000E-11	6.38332E-11	-3.72412E-04
-9.10000E+02	-9.09988E+02	1.00000E+03	5.07930E+05	6.15045E+01	-2.41039E+06	8.28010E+01	6.60287E-11	6.32213E-11	-3.72412E-04
-9.10000E+02	-9.09988E+02	1.00000E+04	5.64617E+03	5.34393E-01	-2.52984E+05	2.00000E+00	6.29111E-11	6.28797E-11	-3.72412E-04
-9.20000E+02	-9.19977E+02	5.00000E+02	1.77731E+06	4.13357E+02	-4.24808E+06	5.77394E+02	7.49304E-11	6.37682E-11	-3.78233E-04
-9.20000E+02	-9.19977E+02	1.00000E+03	5.13882E+05	8.03682E+01	-2.40900E+06	1.09800E+02	6.60668E-11	6.31913E-11	-3.78233E-04
-9.20000E+02	-9.19977E+02	1.00000E+04	5.69497E+03	1.37605E+00	-2.52993E+05	1.85472E+00	6.29087E-11	6.28769E-11	-3.78233E-04
-9.30000E+02	-9.29988E+02	5.00000E+02	1.79800E+06	8.11995E+02	-4.23221E+06	1.88743E+02	7.52112E-11	6.37120E-11	-3.84223E-04
-9.30000E+02	-9.29988E+02	1.00000E+03	5.20331E+05	1.20256E+02	-2.40729E+06	7.67854E+01	6.61138E-11	6.31628E-11	-3.84223E-04
-9.30000E+02	-9.29988E+02	1.00000E+04	5.74655E+03	1.35022E+00	-2.53001E+05	1.09545E+00	6.29068E-11	6.28744E-11	-3.84223E-04
-9.40000E+02	-9.39992E+02	5.00000E+02	1.81885E+06	4.04604E+02	-4.21621E+06	7.59458E+02	7.54967E-11	6.36512E-11	-3.90302E-04
-9.40000E+02	-9.39992E+02	1.00000E+03	5.27391E+05	8.86002E+01	-2.40543E+06	5.45527E+01	6.61649E-11	6.31302E-11	-3.90302E-04
-9.40000E+02	-9.39992E+02	1.00000E+04	5.80426E+03	1.41830E+00	-2.53010E+05	1.16619E+00	6.29047E-11	6.28716E-11	-3.90302E-04
-9.50000E+02	-9.49996E+02	5.00000E+02	1.84128E+06	4.75336E+02	-4.19844E+06	2.16518E+02	7.58162E-11	6.35863E-11	-3.96423E-04
-9.50000E+02	-9.49996E+02	1.00000E+03	5.34735E+05	1.57478E+02	-2.40329E+06	4.49889E+01	6.62237E-11	6.30998E-11	-3.96423E-04
-9.50000E+02	-9.49996E+02	1.00000E+04	5.86706E+03	2.17271E+00	-2.53019E+05	8.00000E-01	6.29025E-11	6.28687E-11	-3.96423E-04
-9.60000E+02	-9.59986E+02	5.00000E+02	1.86431E+06	7.72554E+02	-4.17827E+06	5.85949E+02	7.61822E-11	6.35335E-11	-4.02812E-04
-9.60000E+02	-9.59986E+02	1.00000E+03	5.42613E+05	1.37258E+02	-2.40085E+06	3.77359E+01	6.62912E-11	6.30696E-11	-4.02812E-04
-9.60000E+02	-9.59986E+02	1.00000E+04	5.93636E+03	9.60029E-01	-2.53026E+05	7.48331E-01	6.29007E-11	6.28661E-11	-4.02812E-04
-9.70000E+02	-9.69993E+02	5.00000E+02	1.88860E+06	4.55122E+02	-4.15749E+06	3.78703E+02	7.65630E-11	6.34664E-11	-4.09317E-04
-9.70000E+02	-9.69993E+02	1.00000E+03	5.50917E+05	4.45170E+01	-2.39809E+06	6.24179E+01	6.63674E-11	6.30404E-11	-4.09317E-04
-9.70000E+02	-9.69993E+02	1.00000E+04	6.01131E+03	8.98207E-01	-2.53034E+05	6.32456E-01	6.28986E-11	6.28632E-11	-4.09317E-04
-9.80000E+02	-9.80002E+02	5.00000E+02	1.91430E+06	5.25334E+02	-4.13467E+06	6.19613E+02	7.69856E-11	6.33961E-11	-4.15873E-04
-9.80000E+02	-9.80002E+02	1.00000E+03	5.59790E+05	9.01124E+01	-2.39513E+06	8.30903E+01	6.64493E-11	6.30075E-11	-4.15873E-04
-9.80000E+02	-9.80002E+02	1.00000E+04	6.09275E+03	1.17618E+00	-2.53043E+05	4.89898E-01	6.28965E-11	6.28601E-11	-4.15873E-04
-9.90000E+02	-9.89988E+02	5.00000E+02	1.93983E+06	2.36423E+02	-4.10944E+06	3.12640E+02	7.74583E-11	6.33438E-11	-4.22642E-04
-9.90000E+02	-9.89988E+02	1.00000E+03	5.69196E+05	1.19029E+02	-2.39179E+06	1.57048E+02	6.65421E-11	6.29755E-11	-4.22642E-04
-9.90000E+02	-9.89988E+02	1.00000E+04	6.17823E+03	1.71843E+00	-2.53050E+05	1.16619E+00	6.28946E-11	6.28571E-11	-4.22642E-04
