# Interpad C
# 
# Measurement Settings:
# Power Supply voltage limit:      2.10E+01 V
# Power Supply current limit:      1.00E-03 A
# LCR measurement voltage:         5.00E-01 V
# Voltage Delay:                       3.00 s
# 
# 
# 
#  Nominal Voltage [V]	 Measured Voltage [V]	Frequency [Hz]	Cp [F]	Cp_Err [F]	Rp [Ohm]	Rp_Err [Ohm]	Total Current [A]
-1.00000E+01	-1.00007E+01	1.00000E+04	4.56756E-11	1.85836E-14	5.38854E+06	5.60008E+04	-1.71743E-05
-1.00000E+01	-1.00007E+01	1.00000E+05	4.61125E-11	2.75681E-16	2.35800E+06	8.83525E+02	-1.71743E-05
-1.00000E+01	-1.00007E+01	1.00000E+06	4.60439E-11	2.40283E-15	2.29672E+05	1.18553E+03	-1.71743E-05
-2.00000E+01	-2.00001E+01	1.00000E+04	4.56453E-11	2.48523E-14	5.48537E+06	1.79601E+04	-2.56735E-05
-2.00000E+01	-2.00001E+01	1.00000E+05	4.61117E-11	4.02989E-16	2.39388E+06	8.99800E+02	-2.56735E-05
-2.00000E+01	-2.00001E+01	1.00000E+06	4.60442E-11	3.04592E-15	2.29039E+05	1.11160E+03	-2.56735E-05
-3.00000E+01	-2.99224E+01	1.00000E+04	4.56619E-11	1.97473E-14	5.64316E+06	3.82396E+04	-3.20836E-05
-3.00000E+01	-2.99224E+01	1.00000E+05	4.61106E-11	1.85472E-16	2.42983E+06	1.54693E+03	-3.20836E-05
-3.00000E+01	-2.99224E+01	1.00000E+06	4.60418E-11	2.53772E-15	2.29360E+05	7.51599E+02	-3.20836E-05
-4.00000E+01	-3.99241E+01	1.00000E+04	4.56332E-11	8.23179E-15	5.80505E+06	5.27651E+04	-3.76008E-05
-4.00000E+01	-3.99241E+01	1.00000E+05	4.61095E-11	1.85472E-16	2.46895E+06	2.02405E+03	-3.76008E-05
-4.00000E+01	-3.99241E+01	1.00000E+06	4.60431E-11	3.79768E-15	2.29577E+05	1.13162E+03	-3.76008E-05
-5.00000E+01	-4.99328E+01	1.00000E+04	4.56239E-11	1.44670E-14	5.91241E+06	5.25726E+04	-4.25105E-05
-5.00000E+01	-4.99328E+01	1.00000E+05	4.61080E-11	2.28035E-16	2.50470E+06	1.02067E+03	-4.25105E-05
-5.00000E+01	-4.99328E+01	1.00000E+06	4.60419E-11	1.59424E-15	2.29989E+05	1.62141E+03	-4.25105E-05
-6.00000E+01	-5.99116E+01	1.00000E+04	4.55812E-11	2.10816E-14	6.09075E+06	4.02523E+04	-4.69667E-05
-6.00000E+01	-5.99116E+01	1.00000E+05	4.61068E-11	5.46260E-16	2.54412E+06	2.33768E+03	-4.69667E-05
-6.00000E+01	-5.99116E+01	1.00000E+06	4.60405E-11	2.28333E-15	2.31446E+05	1.76106E+03	-4.69667E-05
-7.00000E+01	-6.99158E+01	1.00000E+04	4.55736E-11	1.93731E-14	6.20247E+06	1.98674E+04	-5.11592E-05
-7.00000E+01	-6.99158E+01	1.00000E+05	4.61059E-11	3.54401E-16	2.57739E+06	1.86324E+03	-5.11592E-05
-7.00000E+01	-6.99158E+01	1.00000E+06	4.60393E-11	4.30442E-15	2.30428E+05	1.64305E+03	-5.11592E-05
-8.00000E+01	-7.99243E+01	1.00000E+04	4.55544E-11	1.49324E-14	6.34039E+06	9.14473E+04	-5.50935E-05
-8.00000E+01	-7.99243E+01	1.00000E+05	4.61044E-11	3.70945E-16	2.60967E+06	1.46941E+03	-5.50935E-05
-8.00000E+01	-7.99243E+01	1.00000E+06	4.60437E-11	2.18449E-15	2.31919E+05	1.07723E+03	-5.50935E-05
-9.00000E+01	-8.99156E+01	1.00000E+04	4.55454E-11	3.41325E-14	6.53147E+06	3.55797E+04	-5.88522E-05
-9.00000E+01	-8.99156E+01	1.00000E+05	4.61034E-11	2.24499E-16	2.64208E+06	1.85729E+03	-5.88522E-05
-9.00000E+01	-8.99156E+01	1.00000E+06	4.60399E-11	5.05783E-15	2.31361E+05	9.99936E+02	-5.88522E-05
-1.00000E+02	-9.99257E+01	1.00000E+04	4.55394E-11	1.60963E-14	6.60940E+06	5.29982E+04	-6.24883E-05
-1.00000E+02	-9.99257E+01	1.00000E+05	4.61020E-11	4.07922E-16	2.66857E+06	2.14970E+03	-6.24883E-05
-1.00000E+02	-9.99257E+01	1.00000E+06	4.60423E-11	2.46447E-15	2.31890E+05	4.88893E+02	-6.24883E-05
-1.10000E+02	-1.09935E+02	1.00000E+04	4.55179E-11	2.98324E-14	6.71582E+06	2.49165E+04	-6.60345E-05
-1.10000E+02	-1.09935E+02	1.00000E+05	4.61004E-11	2.85657E-16	2.69635E+06	3.90542E+03	-6.60345E-05
-1.10000E+02	-1.09935E+02	1.00000E+06	4.60445E-11	3.95393E-15	2.32484E+05	7.45516E+02	-6.60345E-05
-1.20000E+02	-1.19924E+02	1.00000E+04	4.55098E-11	1.28052E-14	6.81487E+06	7.97572E+04	-6.94875E-05
-1.20000E+02	-1.19924E+02	1.00000E+05	4.61004E-11	4.42719E-16	2.72058E+06	1.84429E+03	-6.94875E-05
-1.20000E+02	-1.19924E+02	1.00000E+06	4.60403E-11	3.63670E-15	2.33050E+05	6.82550E+02	-6.94875E-05
-1.30000E+02	-1.29933E+02	1.00000E+04	4.55101E-11	2.62930E-14	6.98096E+06	5.84145E+04	-7.28848E-05
-1.30000E+02	-1.29933E+02	1.00000E+05	4.60992E-11	3.32265E-16	2.74289E+06	1.53624E+03	-7.28848E-05
-1.30000E+02	-1.29933E+02	1.00000E+06	4.60422E-11	3.87990E-15	2.31157E+05	1.06807E+03	-7.28848E-05
-1.40000E+02	-1.39943E+02	1.00000E+04	4.55049E-11	2.11902E-14	7.02054E+06	5.47813E+04	-7.62521E-05
-1.40000E+02	-1.39943E+02	1.00000E+05	4.60987E-11	3.49857E-16	2.76251E+06	1.39096E+03	-7.62521E-05
-1.40000E+02	-1.39943E+02	1.00000E+06	4.60428E-11	2.72074E-15	2.34262E+05	7.90731E+02	-7.62521E-05
-1.50000E+02	-1.49934E+02	1.00000E+04	4.55185E-11	1.12854E-14	7.05200E+06	4.01236E+04	-7.95842E-05
-1.50000E+02	-1.49934E+02	1.00000E+05	4.60982E-11	3.72022E-16	2.78133E+06	1.93387E+03	-7.95842E-05
-1.50000E+02	-1.49934E+02	1.00000E+06	4.60436E-11	2.56624E-15	2.33011E+05	1.22069E+03	-7.95842E-05
-1.60000E+02	-1.59940E+02	1.00000E+04	4.55183E-11	1.56345E-14	7.19136E+06	3.84010E+04	-8.28920E-05
-1.60000E+02	-1.59940E+02	1.00000E+05	4.60977E-11	3.89872E-16	2.79726E+06	1.75933E+03	-8.28920E-05
-1.60000E+02	-1.59940E+02	1.00000E+06	4.60408E-11	1.57556E-15	2.33057E+05	9.87963E+02	-8.28920E-05
-1.70000E+02	-1.69950E+02	1.00000E+04	4.55101E-11	2.75787E-14	7.27912E+06	8.17953E+04	-8.61785E-05
-1.70000E+02	-1.69950E+02	1.00000E+05	4.60971E-11	4.24264E-16	2.81285E+06	2.30723E+03	-8.61785E-05
-1.70000E+02	-1.69950E+02	1.00000E+06	4.60421E-11	2.60952E-15	2.33510E+05	1.17868E+03	-8.61785E-05
-1.80000E+02	-1.79936E+02	1.00000E+04	4.54873E-11	1.30877E-14	7.40877E+06	7.47957E+04	-8.94429E-05
-1.80000E+02	-1.79936E+02	1.00000E+05	4.60968E-11	2.71293E-16	2.82787E+06	1.97845E+03	-8.94429E-05
-1.80000E+02	-1.79936E+02	1.00000E+06	4.60425E-11	3.50234E-15	2.33175E+05	7.18623E+02	-8.94429E-05
-1.90000E+02	-1.89942E+02	1.00000E+04	4.55084E-11	2.41004E-14	7.44494E+06	7.10219E+04	-9.27131E-05
-1.90000E+02	-1.89942E+02	1.00000E+05	4.60963E-11	4.69042E-16	2.84221E+06	2.67297E+03	-9.27131E-05
-1.90000E+02	-1.89942E+02	1.00000E+06	4.60400E-11	4.39709E-15	2.33375E+05	7.78606E+02	-9.27131E-05
-2.00000E+02	-1.99948E+02	1.00000E+04	4.54844E-11	1.15285E-14	7.49073E+06	3.06475E+04	-9.59656E-05
-2.00000E+02	-1.99948E+02	1.00000E+05	4.60957E-11	5.87878E-16	2.85449E+06	1.39657E+03	-9.59656E-05
-2.00000E+02	-1.99948E+02	1.00000E+06	4.60417E-11	2.85265E-15	2.32929E+05	1.48106E+03	-9.59656E-05
-2.10000E+02	-2.09938E+02	1.00000E+04	4.55051E-11	1.92000E-14	7.55852E+06	6.62899E+04	-9.91893E-05
-2.10000E+02	-2.09938E+02	1.00000E+05	4.60952E-11	2.87054E-16	2.86750E+06	3.35968E+03	-9.91893E-05
-2.10000E+02	-2.09938E+02	1.00000E+06	4.60426E-11	3.21534E-15	2.33609E+05	6.90534E+02	-9.91893E-05
-2.20000E+02	-2.19779E+02	1.00000E+04	4.54782E-11	1.43976E-14	7.88302E+06	6.27969E+04	-1.02389E-04
-2.20000E+02	-2.19779E+02	1.00000E+05	4.60989E-11	3.72022E-16	2.82573E+06	1.96934E+03	-1.02389E-04
-2.20000E+02	-2.19779E+02	1.00000E+06	4.60417E-11	4.53502E-15	2.34306E+05	1.67871E+03	-1.02389E-04
-2.30000E+02	-2.29940E+02	1.00000E+04	4.54306E-11	1.85991E-14	7.45278E+06	4.65070E+04	-1.05683E-04
-2.30000E+02	-2.29940E+02	1.00000E+05	4.60931E-11	4.58694E-16	2.99711E+06	1.15490E+03	-1.05683E-04
-2.30000E+02	-2.29940E+02	1.00000E+06	4.60438E-11	4.72000E-15	2.33924E+05	7.65573E+02	-1.05683E-04
-2.40000E+02	-2.39931E+02	1.00000E+04	4.54300E-11	1.46628E-14	7.48855E+06	1.62605E+04	-1.08905E-04
-2.40000E+02	-2.39931E+02	1.00000E+05	4.60930E-11	4.02989E-16	3.00321E+06	3.03983E+03	-1.08905E-04
-2.40000E+02	-2.39931E+02	1.00000E+06	4.60448E-11	4.09028E-15	2.34068E+05	1.16203E+03	-1.08905E-04
-2.50000E+02	-2.49940E+02	1.00000E+04	4.54279E-11	1.46294E-14	7.53761E+06	4.56403E+04	-1.12147E-04
-2.50000E+02	-2.49940E+02	1.00000E+05	4.60927E-11	3.03315E-16	3.01529E+06	9.26218E+02	-1.12147E-04
-2.50000E+02	-2.49940E+02	1.00000E+06	4.60454E-11	3.49949E-15	2.34627E+05	8.94792E+02	-1.12147E-04
-2.60000E+02	-2.59950E+02	1.00000E+04	4.54232E-11	2.53716E-14	7.54021E+06	5.09191E+04	-1.15402E-04
-2.60000E+02	-2.59950E+02	1.00000E+05	4.60921E-11	4.11825E-16	3.02452E+06	1.88600E+03	-1.15402E-04
-2.60000E+02	-2.59950E+02	1.00000E+06	4.60422E-11	3.41327E-15	2.35075E+05	4.99074E+02	-1.15402E-04
-2.70000E+02	-2.69937E+02	1.00000E+04	4.54368E-11	1.50556E-14	7.60257E+06	7.53305E+04	-1.18674E-04
-2.70000E+02	-2.69937E+02	1.00000E+05	4.60943E-11	4.44522E-16	3.02863E+06	1.38983E+03	-1.18674E-04
-2.70000E+02	-2.69937E+02	1.00000E+06	4.60462E-11	3.38089E-15	2.33946E+05	1.24033E+03	-1.18674E-04
-2.80000E+02	-2.79945E+02	1.00000E+04	4.54311E-11	2.08513E-14	7.56899E+06	3.78591E+04	-1.21825E-04
-2.80000E+02	-2.79945E+02	1.00000E+05	4.60945E-11	5.19230E-16	3.04342E+06	1.60419E+03	-1.21825E-04
-2.80000E+02	-2.79945E+02	1.00000E+06	4.60473E-11	3.45103E-15	2.34882E+05	2.19782E+03	-1.21825E-04
-2.90000E+02	-2.89954E+02	1.00000E+04	4.54276E-11	9.09650E-15	7.61470E+06	7.84850E+04	-1.25197E-04
-2.90000E+02	-2.89954E+02	1.00000E+05	4.60939E-11	4.24264E-16	3.04870E+06	2.56821E+03	-1.25197E-04
-2.90000E+02	-2.89954E+02	1.00000E+06	4.60484E-11	4.33710E-15	2.33843E+05	1.67430E+03	-1.25197E-04
-3.00000E+02	-2.99943E+02	1.00000E+04	4.54337E-11	2.74804E-14	7.67945E+06	3.34771E+04	-1.28608E-04
-3.00000E+02	-2.99943E+02	1.00000E+05	4.60935E-11	2.89828E-16	3.04951E+06	2.81861E+03	-1.28608E-04
-3.00000E+02	-2.99943E+02	1.00000E+06	4.60446E-11	5.22394E-15	2.33649E+05	1.09115E+03	-1.28608E-04
-3.10000E+02	-3.09953E+02	1.00000E+04	4.54274E-11	2.24915E-14	7.63914E+06	5.62145E+04	-1.31957E-04
-3.10000E+02	-3.09953E+02	1.00000E+05	4.60921E-11	2.24499E-16	3.05362E+06	1.79251E+03	-1.31957E-04
-3.10000E+02	-3.09953E+02	1.00000E+06	4.60477E-11	4.03980E-15	2.34068E+05	5.57613E+02	-1.31957E-04
-3.20000E+02	-3.19963E+02	1.00000E+04	4.54328E-11	1.38238E-14	7.68505E+06	5.08909E+04	-1.35368E-04
-3.20000E+02	-3.19963E+02	1.00000E+05	4.60909E-11	5.00400E-16	3.05751E+06	2.49946E+03	-1.35368E-04
-3.20000E+02	-3.19963E+02	1.00000E+06	4.60448E-11	4.15885E-15	2.35159E+05	1.41285E+03	-1.35368E-04
-3.30000E+02	-3.29973E+02	1.00000E+04	4.54401E-11	3.23191E-14	7.70768E+06	1.08181E+05	-1.38759E-04
-3.30000E+02	-3.29973E+02	1.00000E+05	4.60911E-11	3.61109E-16	3.06120E+06	1.38790E+03	-1.38759E-04
-3.30000E+02	-3.29973E+02	1.00000E+06	4.60451E-11	2.08864E-15	2.34945E+05	1.17310E+03	-1.38759E-04
-3.40000E+02	-3.39958E+02	1.00000E+04	4.54348E-11	2.04603E-14	7.70774E+06	5.51887E+04	-1.42340E-04
-3.40000E+02	-3.39958E+02	1.00000E+05	4.60910E-11	4.63033E-16	3.06246E+06	1.13251E+03	-1.42340E-04
-3.40000E+02	-3.39958E+02	1.00000E+06	4.60416E-11	2.47176E-15	2.34323E+05	2.74567E+02	-1.42340E-04
-3.50000E+02	-3.49966E+02	1.00000E+04	4.54316E-11	6.87663E-15	7.72854E+06	3.53753E+04	-1.45819E-04
-3.50000E+02	-3.49966E+02	1.00000E+05	4.60910E-11	1.95959E-16	3.06850E+06	2.68819E+03	-1.45819E-04
-3.50000E+02	-3.49966E+02	1.00000E+06	4.60438E-11	4.46390E-15	2.34720E+05	7.09866E+02	-1.45819E-04
-3.60000E+02	-3.59976E+02	1.00000E+04	4.54371E-11	1.26091E-14	7.76439E+06	4.43605E+04	-1.49335E-04
-3.60000E+02	-3.59976E+02	1.00000E+05	4.60902E-11	3.86782E-16	3.07066E+06	3.11373E+03	-1.49335E-04
-3.60000E+02	-3.59976E+02	1.00000E+06	4.60433E-11	2.05757E-15	2.34812E+05	1.14242E+03	-1.49335E-04
-3.70000E+02	-3.69966E+02	1.00000E+04	4.54353E-11	8.80513E-15	7.71541E+06	6.98612E+04	-1.52837E-04
-3.70000E+02	-3.69966E+02	1.00000E+05	4.60903E-11	6.20967E-16	3.07836E+06	3.88277E+03	-1.52837E-04
-3.70000E+02	-3.69966E+02	1.00000E+06	4.60414E-11	2.81922E-15	2.34691E+05	1.45925E+03	-1.52837E-04
-3.80000E+02	-3.79973E+02	1.00000E+04	4.54355E-11	1.31792E-14	7.73947E+06	3.32465E+04	-1.56580E-04
-3.80000E+02	-3.79973E+02	1.00000E+05	4.60909E-11	1.89737E-16	3.07766E+06	3.30272E+03	-1.56580E-04
-3.80000E+02	-3.79973E+02	1.00000E+06	4.60460E-11	3.97019E-15	2.34751E+05	8.36601E+02	-1.56580E-04
-3.90000E+02	-3.89980E+02	1.00000E+04	4.54334E-11	9.09866E-15	7.75505E+06	6.21855E+04	-1.60232E-04
-3.90000E+02	-3.89980E+02	1.00000E+05	4.60899E-11	3.13688E-16	3.07520E+06	2.56394E+03	-1.60232E-04
-3.90000E+02	-3.89980E+02	1.00000E+06	4.60441E-11	3.73599E-15	2.33408E+05	8.77171E+02	-1.60232E-04
-4.00000E+02	-3.99971E+02	1.00000E+04	4.54370E-11	9.38232E-15	7.73493E+06	3.92309E+04	-1.64115E-04
-4.00000E+02	-3.99971E+02	1.00000E+05	4.60897E-11	3.26190E-16	3.07554E+06	2.14326E+03	-1.64115E-04
-4.00000E+02	-3.99971E+02	1.00000E+06	4.60428E-11	2.23195E-15	2.34916E+05	1.04239E+03	-1.64115E-04
-4.10000E+02	-4.09979E+02	1.00000E+04	4.54356E-11	1.33156E-14	7.76831E+06	8.06550E+04	-1.67980E-04
-4.10000E+02	-4.09979E+02	1.00000E+05	4.60896E-11	4.77493E-16	3.08280E+06	3.26988E+03	-1.67980E-04
-4.10000E+02	-4.09979E+02	1.00000E+06	4.60427E-11	4.34585E-15	2.34726E+05	7.87382E+02	-1.67980E-04
-4.20000E+02	-4.19983E+02	1.00000E+04	4.54400E-11	1.45407E-14	7.77327E+06	3.94367E+04	-1.71894E-04
-4.20000E+02	-4.19983E+02	1.00000E+05	4.60899E-11	4.66476E-16	3.08363E+06	2.80911E+03	-1.71894E-04
-4.20000E+02	-4.19983E+02	1.00000E+06	4.60452E-11	3.27988E-15	2.34565E+05	6.28650E+02	-1.71894E-04
-4.30000E+02	-4.29974E+02	1.00000E+04	4.54384E-11	1.19393E-14	7.78470E+06	4.03954E+04	-1.75885E-04
-4.30000E+02	-4.29974E+02	1.00000E+05	4.60895E-11	3.55528E-16	3.08381E+06	3.25319E+03	-1.75885E-04
-4.30000E+02	-4.29974E+02	1.00000E+06	4.60412E-11	3.90763E-15	2.35425E+05	7.12999E+02	-1.75885E-04
-4.40000E+02	-4.39981E+02	1.00000E+04	4.54489E-11	8.29520E-15	7.76936E+06	5.62680E+04	-1.80045E-04
-4.40000E+02	-4.39981E+02	1.00000E+05	4.60896E-11	6.33719E-16	3.08338E+06	1.27330E+03	-1.80045E-04
-4.40000E+02	-4.39981E+02	1.00000E+06	4.60426E-11	3.08830E-15	2.34827E+05	8.92021E+02	-1.80045E-04
-4.50000E+02	-4.49990E+02	1.00000E+04	4.54377E-11	7.50483E-15	7.76254E+06	2.11857E+04	-1.84086E-04
-4.50000E+02	-4.49990E+02	1.00000E+05	4.60896E-11	4.85798E-16	3.08719E+06	3.87735E+03	-1.84086E-04
-4.50000E+02	-4.49990E+02	1.00000E+06	4.60446E-11	3.03645E-15	2.35927E+05	1.43096E+03	-1.84086E-04
-4.60000E+02	-4.59979E+02	1.00000E+04	4.54367E-11	6.18935E-15	7.76334E+06	4.02084E+04	-1.88204E-04
-4.60000E+02	-4.59979E+02	1.00000E+05	4.60895E-11	9.74474E-16	3.09367E+06	1.99646E+03	-1.88204E-04
-4.60000E+02	-4.59979E+02	1.00000E+06	4.60439E-11	2.54825E-15	2.34745E+05	6.69125E+02	-1.88204E-04
-4.70000E+02	-4.69988E+02	1.00000E+04	4.54394E-11	1.31179E-14	7.77234E+06	2.45591E+04	-1.92816E-04
-4.70000E+02	-4.69988E+02	1.00000E+05	4.60896E-11	5.19230E-16	3.09317E+06	2.99790E+03	-1.92816E-04
-4.70000E+02	-4.69988E+02	1.00000E+06	4.60435E-11	3.85383E-15	2.35157E+05	1.94986E+03	-1.92816E-04
-4.80000E+02	-4.79995E+02	1.00000E+04	4.54399E-11	1.17818E-14	7.77904E+06	2.95702E+04	-1.96842E-04
-4.80000E+02	-4.79995E+02	1.00000E+05	4.60891E-11	2.92575E-16	3.08850E+06	2.58343E+03	-1.96842E-04
-4.80000E+02	-4.79995E+02	1.00000E+06	4.60420E-11	1.66973E-15	2.34800E+05	1.20191E+03	-1.96842E-04
-4.90000E+02	-4.89977E+02	1.00000E+04	4.54440E-11	5.17710E-15	7.76556E+06	2.82096E+04	-2.00970E-04
-4.90000E+02	-4.89977E+02	1.00000E+05	4.60887E-11	2.22711E-16	3.09076E+06	4.18143E+03	-2.00970E-04
-4.90000E+02	-4.89977E+02	1.00000E+06	4.60441E-11	2.24375E-15	2.35486E+05	1.39113E+03	-2.00970E-04
-5.00000E+02	-4.99986E+02	1.00000E+04	4.54454E-11	1.29400E-14	7.77340E+06	2.99711E+04	-2.05146E-04
-5.00000E+02	-4.99986E+02	1.00000E+05	4.60887E-11	6.37495E-16	3.09373E+06	4.57957E+03	-2.05146E-04
-5.00000E+02	-4.99986E+02	1.00000E+06	4.60456E-11	2.52507E-15	2.35576E+05	1.02482E+03	-2.05146E-04
-5.10000E+02	-5.09992E+02	1.00000E+04	4.54539E-11	6.25351E-15	7.73656E+06	3.06501E+04	-2.09881E-04
-5.10000E+02	-5.09992E+02	1.00000E+05	4.60892E-11	6.67533E-16	3.08488E+06	2.34199E+03	-2.09881E-04
-5.10000E+02	-5.09992E+02	1.00000E+06	4.60437E-11	3.24617E-15	2.35445E+05	7.46741E+02	-2.09881E-04
-5.20000E+02	-5.19983E+02	1.00000E+04	4.54561E-11	8.85008E-15	7.74743E+06	4.40337E+04	-2.14378E-04
-5.20000E+02	-5.19983E+02	1.00000E+05	4.60892E-11	7.95990E-16	3.08285E+06	2.37960E+03	-2.14378E-04
-5.20000E+02	-5.19983E+02	1.00000E+06	4.60407E-11	3.80600E-15	2.34939E+05	8.74204E+02	-2.14378E-04
-5.30000E+02	-5.29988E+02	1.00000E+04	4.54488E-11	4.26099E-15	7.75318E+06	2.56290E+04	-2.18558E-04
-5.30000E+02	-5.29988E+02	1.00000E+05	4.60886E-11	6.79412E-16	3.08942E+06	3.23677E+03	-2.18558E-04
-5.30000E+02	-5.29988E+02	1.00000E+06	4.60415E-11	3.47759E-15	2.35108E+05	1.00385E+03	-2.18558E-04
-5.40000E+02	-5.39996E+02	1.00000E+04	4.54592E-11	8.39514E-15	7.76069E+06	4.02446E+04	-2.22696E-04
-5.40000E+02	-5.39996E+02	1.00000E+05	4.60881E-11	4.45421E-16	3.08761E+06	3.79250E+03	-2.22696E-04
-5.40000E+02	-5.39996E+02	1.00000E+06	4.60419E-11	2.20218E-15	2.34220E+05	1.20371E+03	-2.22696E-04
-5.50000E+02	-5.49985E+02	1.00000E+04	4.54494E-11	1.07870E-14	7.73495E+06	3.54103E+04	-2.26941E-04
-5.50000E+02	-5.49985E+02	1.00000E+05	4.60893E-11	4.27083E-16	3.09080E+06	2.94443E+03	-2.26941E-04
-5.50000E+02	-5.49985E+02	1.00000E+06	4.60419E-11	1.50652E-15	2.35655E+05	7.84059E+02	-2.26941E-04
-5.60000E+02	-5.59993E+02	1.00000E+04	4.54622E-11	6.28554E-15	7.74274E+06	2.12576E+04	-2.31199E-04
-5.60000E+02	-5.59993E+02	1.00000E+05	4.60892E-11	2.85657E-16	3.08834E+06	1.80407E+03	-2.31199E-04
-5.60000E+02	-5.59993E+02	1.00000E+06	4.60434E-11	3.62624E-15	2.35343E+05	1.03201E+03	-2.31199E-04
-5.70000E+02	-5.69999E+02	1.00000E+04	4.54459E-11	9.62601E-15	7.74420E+06	3.68128E+04	-2.35296E-04
-5.70000E+02	-5.69999E+02	1.00000E+05	4.60879E-11	5.70614E-16	3.08403E+06	5.38022E+03	-2.35296E-04
-5.70000E+02	-5.69999E+02	1.00000E+06	4.60472E-11	3.77062E-15	2.35080E+05	1.00515E+03	-2.35296E-04
-5.80000E+02	-5.79987E+02	1.00000E+04	4.54559E-11	1.37984E-14	7.70067E+06	4.10483E+04	-2.39614E-04
-5.80000E+02	-5.79987E+02	1.00000E+05	4.60884E-11	4.58694E-16	3.08423E+06	4.36600E+03	-2.39614E-04
-5.80000E+02	-5.79987E+02	1.00000E+06	4.60450E-11	3.14108E-15	2.35070E+05	1.93839E+03	-2.39614E-04
-5.90000E+02	-5.89995E+02	1.00000E+04	4.54539E-11	5.29702E-15	7.69460E+06	4.62702E+04	-2.43792E-04
-5.90000E+02	-5.89995E+02	1.00000E+05	4.60889E-11	6.49923E-16	3.09089E+06	3.30852E+03	-2.43792E-04
-5.90000E+02	-5.89995E+02	1.00000E+06	4.60415E-11	4.05019E-15	2.34616E+05	1.36603E+03	-2.43792E-04
-6.00000E+02	-6.00003E+02	1.00000E+04	4.54538E-11	6.73718E-15	7.73145E+06	4.27289E+04	-2.48183E-04
-6.00000E+02	-6.00003E+02	1.00000E+05	4.60892E-11	2.48193E-16	3.08676E+06	4.08016E+03	-2.48183E-04
-6.00000E+02	-6.00003E+02	1.00000E+06	4.60430E-11	4.36742E-15	2.35116E+05	5.77026E+02	-2.48183E-04
-6.10000E+02	-6.09993E+02	1.00000E+04	4.54510E-11	4.87918E-15	7.70058E+06	1.17470E+04	-2.52651E-04
-6.10000E+02	-6.09993E+02	1.00000E+05	4.60888E-11	3.81576E-16	3.08394E+06	1.01261E+03	-2.52651E-04
-6.10000E+02	-6.09993E+02	1.00000E+06	4.60441E-11	2.71116E-15	2.35127E+05	1.24409E+03	-2.52651E-04
-6.20000E+02	-6.20000E+02	1.00000E+04	4.54527E-11	7.97029E-15	7.67245E+06	1.35485E+04	-2.56767E-04
-6.20000E+02	-6.20000E+02	1.00000E+05	4.60879E-11	4.24264E-16	3.08636E+06	5.12215E+03	-2.56767E-04
-6.20000E+02	-6.20000E+02	1.00000E+06	4.60437E-11	3.04000E-15	2.34625E+05	1.57377E+03	-2.56767E-04
-6.30000E+02	-6.30007E+02	1.00000E+04	4.54506E-11	1.13062E-14	7.69456E+06	1.19325E+04	-2.60903E-04
-6.30000E+02	-6.30007E+02	1.00000E+05	4.60880E-11	8.10925E-16	3.08106E+06	9.21963E+02	-2.60903E-04
-6.30000E+02	-6.30007E+02	1.00000E+06	4.60406E-11	3.88175E-15	2.34700E+05	9.92637E+02	-2.60903E-04
-6.40000E+02	-6.40013E+02	1.00000E+04	4.54503E-11	1.20064E-14	7.66381E+06	2.20578E+04	-2.65143E-04
-6.40000E+02	-6.40013E+02	1.00000E+05	4.60886E-11	3.60000E-16	3.08807E+06	1.22421E+03	-2.65143E-04
-6.40000E+02	-6.40013E+02	1.00000E+06	4.60430E-11	4.71992E-15	2.34884E+05	8.67419E+02	-2.65143E-04
-6.50000E+02	-6.49999E+02	1.00000E+04	4.54512E-11	5.69582E-15	7.69670E+06	4.84911E+04	-2.69332E-04
-6.50000E+02	-6.49999E+02	1.00000E+05	4.60881E-11	7.61577E-16	3.08172E+06	3.41701E+03	-2.69332E-04
-6.50000E+02	-6.49999E+02	1.00000E+06	4.60430E-11	1.27969E-15	2.34951E+05	1.54097E+03	-2.69332E-04
-6.60000E+02	-6.60007E+02	1.00000E+04	4.54531E-11	2.23410E-14	7.68574E+06	3.33056E+04	-2.73520E-04
-6.60000E+02	-6.60007E+02	1.00000E+05	4.60878E-11	6.65132E-16	3.08570E+06	4.15283E+03	-2.73520E-04
-6.60000E+02	-6.60007E+02	1.00000E+06	4.60436E-11	3.43826E-15	2.35681E+05	1.55285E+03	-2.73520E-04
-6.70000E+02	-6.70014E+02	1.00000E+04	4.54544E-11	5.54437E-15	7.67743E+06	5.89609E+04	-2.77557E-04
-6.70000E+02	-6.70014E+02	1.00000E+05	4.60878E-11	4.93964E-16	3.08467E+06	3.33292E+03	-2.77557E-04
-6.70000E+02	-6.70014E+02	1.00000E+06	4.60426E-11	6.22896E-15	2.34692E+05	5.11096E+02	-2.77557E-04
-6.80000E+02	-6.80001E+02	1.00000E+04	4.54490E-11	1.41013E-14	7.67242E+06	2.41188E+04	-2.82145E-04
-6.80000E+02	-6.80001E+02	1.00000E+05	4.60887E-11	2.82843E-16	3.08843E+06	4.66083E+03	-2.82145E-04
-6.80000E+02	-6.80001E+02	1.00000E+06	4.60423E-11	2.92233E-15	2.35691E+05	1.01459E+03	-2.82145E-04
-6.90000E+02	-6.90007E+02	1.00000E+04	4.54512E-11	7.22374E-15	7.67028E+06	2.74746E+04	-2.86490E-04
-6.90000E+02	-6.90007E+02	1.00000E+05	4.60885E-11	7.65245E-16	3.08087E+06	1.80545E+03	-2.86490E-04
-6.90000E+02	-6.90007E+02	1.00000E+06	4.60458E-11	3.98065E-15	2.34309E+05	8.70444E+02	-2.86490E-04
-7.00000E+02	-7.00016E+02	1.00000E+04	4.54525E-11	9.55854E-15	7.67351E+06	2.16438E+04	-2.90568E-04
-7.00000E+02	-7.00016E+02	1.00000E+05	4.60885E-11	4.45421E-16	3.08668E+06	8.83642E+02	-2.90568E-04
-7.00000E+02	-7.00016E+02	1.00000E+06	4.60411E-11	5.13833E-15	2.34654E+05	9.87896E+02	-2.90568E-04
-7.10000E+02	-7.10004E+02	1.00000E+04	4.54511E-11	1.17712E-14	7.66422E+06	3.52025E+04	-2.94732E-04
-7.10000E+02	-7.10004E+02	1.00000E+05	4.60882E-11	6.21611E-16	3.09049E+06	4.13809E+03	-2.94732E-04
-7.10000E+02	-7.10004E+02	1.00000E+06	4.60419E-11	4.28392E-15	2.35826E+05	1.08985E+03	-2.94732E-04
-7.20000E+02	-7.20006E+02	1.00000E+04	4.54483E-11	5.47445E-15	7.67369E+06	2.63708E+04	-2.99213E-04
-7.20000E+02	-7.20006E+02	1.00000E+05	4.60884E-11	8.95768E-16	3.08849E+06	1.47876E+03	-2.99213E-04
-7.20000E+02	-7.20006E+02	1.00000E+06	4.60427E-11	1.57531E-15	2.34920E+05	5.10136E+02	-2.99213E-04
-7.30000E+02	-7.30013E+02	1.00000E+04	4.54478E-11	8.09083E-15	7.64985E+06	3.54816E+04	-3.03826E-04
-7.30000E+02	-7.30013E+02	1.00000E+05	4.60878E-11	5.41849E-16	3.08422E+06	2.51300E+03	-3.03826E-04
-7.30000E+02	-7.30013E+02	1.00000E+06	4.60458E-11	2.14700E-15	2.34939E+05	1.34566E+03	-3.03826E-04
-7.40000E+02	-7.40002E+02	1.00000E+04	4.54590E-11	2.01256E-15	7.62890E+06	4.06970E+04	-3.08429E-04
-7.40000E+02	-7.40002E+02	1.00000E+05	4.60873E-11	5.56417E-16	3.08146E+06	3.86773E+03	-3.08429E-04
-7.40000E+02	-7.40002E+02	1.00000E+06	4.60435E-11	5.76215E-15	2.35343E+05	8.24215E+02	-3.08429E-04
-7.50000E+02	-7.50010E+02	1.00000E+04	4.54575E-11	8.20868E-15	7.67033E+06	4.31579E+04	-3.12989E-04
-7.50000E+02	-7.50010E+02	1.00000E+05	4.60883E-11	5.65685E-16	3.08648E+06	5.70541E+03	-3.12989E-04
-7.50000E+02	-7.50010E+02	1.00000E+06	4.60418E-11	2.52460E-15	2.35354E+05	9.93549E+02	-3.12989E-04
-7.60000E+02	-7.60014E+02	1.00000E+04	4.54592E-11	1.05585E-14	7.63824E+06	2.92850E+04	-3.17674E-04
-7.60000E+02	-7.60014E+02	1.00000E+05	4.60882E-11	3.96989E-16	3.08183E+06	2.55841E+03	-3.17674E-04
-7.60000E+02	-7.60014E+02	1.00000E+06	4.60397E-11	5.35074E-15	2.35134E+05	1.23228E+03	-3.17674E-04
-7.70000E+02	-7.70003E+02	1.00000E+04	4.54636E-11	9.23225E-15	7.61393E+06	4.00684E+04	-3.22333E-04
-7.70000E+02	-7.70003E+02	1.00000E+05	4.60882E-11	7.82304E-16	3.08720E+06	3.09729E+03	-3.22333E-04
-7.70000E+02	-7.70003E+02	1.00000E+06	4.60410E-11	3.79968E-15	2.35010E+05	2.18513E+03	-3.22333E-04
-7.80000E+02	-7.80012E+02	1.00000E+04	4.54459E-11	8.99591E-15	7.60938E+06	5.33622E+04	-3.26920E-04
-7.80000E+02	-7.80012E+02	1.00000E+05	4.60875E-11	6.11228E-16	3.07778E+06	1.94812E+03	-3.26920E-04
-7.80000E+02	-7.80012E+02	1.00000E+06	4.60420E-11	2.82347E-15	2.34858E+05	1.20402E+03	-3.26920E-04
-7.90000E+02	-7.90013E+02	1.00000E+04	4.54454E-11	1.20122E-14	7.57942E+06	1.53673E+04	-3.31515E-04
-7.90000E+02	-7.90013E+02	1.00000E+05	4.60871E-11	7.49933E-16	3.07533E+06	3.99657E+03	-3.31515E-04
-7.90000E+02	-7.90013E+02	1.00000E+06	4.60408E-11	2.42866E-15	2.35226E+05	9.31970E+02	-3.31515E-04
-8.00000E+02	-8.00001E+02	1.00000E+04	4.54465E-11	8.12271E-15	7.57280E+06	1.60423E+04	-3.36505E-04
-8.00000E+02	-8.00001E+02	1.00000E+05	4.60875E-11	5.38145E-16	3.07518E+06	9.12723E+02	-3.36505E-04
-8.00000E+02	-8.00001E+02	1.00000E+06	4.60477E-11	3.08350E-15	2.35036E+05	1.60840E+03	-3.36505E-04
-8.10000E+02	-8.10005E+02	1.00000E+04	4.54496E-11	1.03303E-14	7.57772E+06	1.32680E+04	-3.41281E-04
-8.10000E+02	-8.10005E+02	1.00000E+05	4.60869E-11	5.31413E-16	3.07511E+06	1.96664E+03	-3.41281E-04
-8.10000E+02	-8.10005E+02	1.00000E+06	4.60447E-11	1.06320E-15	2.35095E+05	1.27247E+03	-3.41281E-04
-8.20000E+02	-8.20013E+02	1.00000E+04	4.54484E-11	6.11771E-15	7.56801E+06	3.05307E+04	-3.46192E-04
-8.20000E+02	-8.20013E+02	1.00000E+05	4.60868E-11	7.22219E-16	3.07460E+06	3.31789E+03	-3.46192E-04
-8.20000E+02	-8.20013E+02	1.00000E+06	4.60428E-11	4.59983E-15	2.35820E+05	3.36104E+02	-3.46192E-04
-8.30000E+02	-8.30000E+02	1.00000E+04	4.54573E-11	1.12724E-14	7.56034E+06	2.59343E+04	-3.51323E-04
-8.30000E+02	-8.30000E+02	1.00000E+05	4.60878E-11	3.96989E-16	3.07624E+06	1.92564E+03	-3.51323E-04
-8.30000E+02	-8.30000E+02	1.00000E+06	4.60434E-11	3.57402E-15	2.35763E+05	1.09364E+03	-3.51323E-04
-8.40000E+02	-8.40001E+02	1.00000E+04	4.54444E-11	1.40509E-14	7.52702E+06	4.37031E+04	-3.56619E-04
-8.40000E+02	-8.40001E+02	1.00000E+05	4.60877E-11	8.49470E-16	3.07548E+06	2.47222E+03	-3.56619E-04
-8.40000E+02	-8.40001E+02	1.00000E+06	4.60424E-11	3.65382E-15	2.34969E+05	9.34043E+02	-3.56619E-04
-8.50000E+02	-8.50005E+02	1.00000E+04	4.54595E-11	9.34272E-15	7.54258E+06	3.54949E+04	-3.61662E-04
-8.50000E+02	-8.50005E+02	1.00000E+05	4.60879E-11	4.80000E-16	3.07236E+06	5.86784E+03	-3.61662E-04
-8.50000E+02	-8.50005E+02	1.00000E+06	4.60423E-11	4.54383E-15	2.35542E+05	5.05311E+02	-3.61662E-04
-8.60000E+02	-8.59990E+02	1.00000E+04	4.54461E-11	5.08110E-15	7.51968E+06	3.69169E+04	-3.67144E-04
-8.60000E+02	-8.59990E+02	1.00000E+05	4.60867E-11	9.43186E-16	3.07214E+06	4.43503E+03	-3.67144E-04
-8.60000E+02	-8.59990E+02	1.00000E+06	4.60442E-11	3.95646E-15	2.35737E+05	7.79579E+02	-3.67144E-04
-8.70000E+02	-8.69993E+02	1.00000E+04	4.54492E-11	2.09298E-14	7.50008E+06	3.07480E+04	-3.72531E-04
-8.70000E+02	-8.69993E+02	1.00000E+05	4.60865E-11	5.63560E-16	3.07074E+06	2.92384E+03	-3.72531E-04
-8.70000E+02	-8.69993E+02	1.00000E+06	4.60427E-11	3.94431E-15	2.35619E+05	1.13275E+03	-3.72531E-04
-8.80000E+02	-8.79995E+02	1.00000E+04	4.54536E-11	9.70991E-15	7.45166E+06	5.29181E+04	-3.78164E-04
-8.80000E+02	-8.79995E+02	1.00000E+05	4.60878E-11	2.56125E-16	3.06703E+06	2.83294E+03	-3.78164E-04
-8.80000E+02	-8.79995E+02	1.00000E+06	4.60431E-11	3.80915E-15	2.35183E+05	1.06424E+03	-3.78164E-04
-8.90000E+02	-8.89980E+02	1.00000E+04	4.54402E-11	1.18687E-14	7.52151E+06	2.14357E+04	-3.83908E-04
-8.90000E+02	-8.89980E+02	1.00000E+05	4.60869E-11	5.83095E-16	3.06107E+06	4.19033E+03	-3.83908E-04
-8.90000E+02	-8.89980E+02	1.00000E+06	4.60432E-11	3.60255E-15	2.35980E+05	8.77859E+02	-3.83908E-04
-9.00000E+02	-8.99981E+02	1.00000E+04	4.54431E-11	1.39958E-14	7.47285E+06	3.42709E+04	-3.89717E-04
-9.00000E+02	-8.99981E+02	1.00000E+05	4.60861E-11	5.23832E-16	3.05952E+06	4.87609E+03	-3.89717E-04
-9.00000E+02	-8.99981E+02	1.00000E+06	4.60427E-11	5.91723E-15	2.34554E+05	4.98840E+02	-3.89717E-04
-9.10000E+02	-9.09989E+02	1.00000E+04	4.54292E-11	1.37604E-14	7.43249E+06	3.62992E+04	-3.95849E-04
-9.10000E+02	-9.09989E+02	1.00000E+05	4.60873E-11	7.57892E-16	3.06316E+06	3.53111E+03	-3.95849E-04
-9.10000E+02	-9.09989E+02	1.00000E+06	4.60433E-11	3.69941E-15	2.35777E+05	8.15317E+02	-3.95849E-04
-9.20000E+02	-9.19976E+02	1.00000E+04	4.54497E-11	1.75053E-14	7.43780E+06	7.38492E+04	-4.02062E-04
-9.20000E+02	-9.19976E+02	1.00000E+05	4.60874E-11	4.40908E-16	3.05732E+06	2.89564E+03	-4.02062E-04
-9.20000E+02	-9.19976E+02	1.00000E+06	4.60433E-11	4.41679E-15	2.35041E+05	1.08778E+03	-4.02062E-04
-9.30000E+02	-9.29983E+02	1.00000E+04	4.54265E-11	2.15914E-14	7.51082E+06	8.25668E+04	-4.08213E-04
-9.30000E+02	-9.29983E+02	1.00000E+05	4.60864E-11	8.77268E-16	3.06142E+06	2.61777E+03	-4.08213E-04
-9.30000E+02	-9.29983E+02	1.00000E+06	4.60432E-11	3.40905E-15	2.35978E+05	1.17572E+03	-4.08213E-04
-9.40000E+02	-9.39990E+02	1.00000E+04	4.54521E-11	1.76008E-14	7.40259E+06	6.12720E+04	-4.14731E-04
-9.40000E+02	-9.39990E+02	1.00000E+05	4.60866E-11	6.11882E-16	3.05265E+06	2.68871E+03	-4.14731E-04
-9.40000E+02	-9.39990E+02	1.00000E+06	4.60417E-11	4.63957E-15	2.36438E+05	1.64380E+03	-4.14731E-04
-9.50000E+02	-9.49989E+02	1.00000E+04	4.54521E-11	1.59487E-14	7.41923E+06	4.35503E+04	-4.21362E-04
-9.50000E+02	-9.49989E+02	1.00000E+05	4.60870E-11	4.44522E-16	3.05594E+06	1.22739E+03	-4.21362E-04
-9.50000E+02	-9.49989E+02	1.00000E+06	4.60433E-11	1.71977E-15	2.35518E+05	6.24041E+02	-4.21362E-04
-9.60000E+02	-9.59980E+02	1.00000E+04	4.54483E-11	1.09604E-14	7.38945E+06	6.87703E+04	-4.27924E-04
-9.60000E+02	-9.59980E+02	1.00000E+05	4.60875E-11	5.49181E-16	3.04943E+06	3.09472E+03	-4.27924E-04
-9.60000E+02	-9.59980E+02	1.00000E+06	4.60440E-11	2.92889E-15	2.36030E+05	1.52092E+03	-4.27924E-04
-9.70000E+02	-9.69987E+02	1.00000E+04	4.54415E-11	1.04318E-14	7.41800E+06	3.13233E+04	-4.34723E-04
-9.70000E+02	-9.69987E+02	1.00000E+05	4.60873E-11	5.70614E-16	3.04583E+06	2.95756E+03	-4.34723E-04
-9.70000E+02	-9.69987E+02	1.00000E+06	4.60418E-11	2.52159E-15	2.35213E+05	1.79156E+03	-4.34723E-04
-9.80000E+02	-9.79993E+02	1.00000E+04	4.54384E-11	8.46451E-15	7.34435E+06	5.02914E+04	-4.42224E-04
-9.80000E+02	-9.79993E+02	1.00000E+05	4.60867E-11	8.08950E-16	3.04815E+06	2.26122E+03	-4.42224E-04
-9.80000E+02	-9.79993E+02	1.00000E+06	4.60427E-11	6.51288E-15	2.34563E+05	1.40600E+03	-4.42224E-04
-9.90000E+02	-9.89980E+02	1.00000E+04	4.54234E-11	1.51019E-14	7.32410E+06	3.97473E+04	-4.49865E-04
-9.90000E+02	-9.89980E+02	1.00000E+05	4.60872E-11	4.31741E-16	3.04659E+06	3.26858E+03	-4.49865E-04
-9.90000E+02	-9.89980E+02	1.00000E+06	4.60437E-11	2.42190E-15	2.35913E+05	3.53655E+02	-4.49865E-04
